timestamp,accel_x,accel_y,accel_z,gyro_x,gyro_y,gyro_z
0,-72,-2056,-200,84,247,27
5,-24,-2104,-184,99,258,35
10,-8,-2160,-176,114,272,45
15,8,-2216,-192,127,286,57
20,16,-2248,-200,134,303,70
25,88,-2320,-192,135,322,83
30,96,-2368,-232,134,342,96
35,104,-2368,-232,125,364,113
40,136,-2400,-184,119,384,130
45,128,-2416,-168,117,408,152
50,184,-2456,-192,123,428,173
55,192,-2448,-160,135,444,194
60,192,-2448,-184,153,461,216
65,216,-2432,-176,175,475,235
70,216,-2384,-184,205,487,254
75,200,-2336,-168,239,500,275
80,200,-2248,-120,272,509,291
85,168,-2288,-152,301,520,305
90,160,-2160,-160,316,531,315
95,128,-2072,-176,317,540,325
100,128,-2056,-168,309,549,333
105,96,-2016,-160,295,561,336
110,88,-1984,-136,276,569,340
115,16,-1928,-168,257,576,339
120,48,-1912,-176,232,579,334
125,32,-1920,-176,205,583,329
130,8,-1968,-136,183,586,320
135,8,-1928,-120,166,587,315
140,-16,-1920,-112,155,588,311
145,-48,-1920,-120,144,589,304
150,-16,-1928,-72,135,590,294
155,-40,-1928,-80,127,589,282
160,-40,-1936,-80,123,592,277
165,-24,-1928,-64,115,595,272
170,-72,-1888,0,106,597,267
175,-24,-1912,-16,92,602,260
180,-24,-1904,-24,77,609,251
185,-16,-1896,24,66,614,240
190,-8,-1904,-16,55,617,227
195,0,-1896,16,48,616,213
200,-16,-1896,16,43,616,197
205,-8,-1912,40,42,616,184
210,0,-1936,40,42,617,177
215,0,-1928,56,47,615,163
220,-48,-1920,72,57,614,148
225,-32,-1936,32,70,616,148
230,0,-1928,56,83,619,145
235,0,-1928,56,90,621,140
240,-8,-1920,64,92,624,132
245,-32,-1912,72,92,631,128
250,8,-1912,56,91,637,121
255,8,-1912,104,88,643,108
260,0,-1920,128,85,652,109
265,24,-1912,128,75,660,106
270,40,-1928,128,65,667,96
275,48,-1896,152,58,672,84
280,16,-1896,160,54,676,69
285,40,-1896,208,50,680,54
290,56,-1872,232,52,687,37
295,40,-1904,168,57,693,21
300,56,-1872,280,63,703,5
305,72,-1888,288,69,713,-15
310,80,-1856,360,74,727,-34
315,120,-1872,392,77,741,-53
320,136,-1832,432,78,757,-74
325,168,-1816,456,75,775,-93
330,160,-1816,472,69,788,-109
335,128,-1760,448,61,796,-122
340,136,-1752,472,47,796,-133
345,168,-1776,472,33,794,-141
350,120,-1808,424,17,790,-146
355,128,-1840,448,7,785,-150
360,64,-1856,424,2,779,-153
365,64,-1912,448,7,772,-154
370,40,-1960,480,17,765,-154
375,0,-1968,488,32,753,-151
380,-72,-1960,472,47,736,-148
385,-104,-1944,488,58,717,-137
390,-144,-1920,496,61,698,-129
395,-208,-1888,440,55,675,-118
400,-216,-1864,464,37,652,-108
405,-240,-1888,384,12,628,-96
410,-256,-1864,360,-16,604,-84
415,-264,-1848,288,-44,595,-72
420,-248,-1840,328,-69,593,-68
425,-192,-1944,304,-84,599,-71
430,-136,-2008,320,-90,611,-77
435,-120,-2072,312,-83,621,-82
440,-120,-2216,304,-58,625,-81
445,-160,-2384,272,-24,617,-79
450,-152,-2504,192,4,590,-72
455,-256,-2632,96,11,545,-54
460,-280,-2768,-16,-19,480,-18
465,-272,-2856,-120,-92,405,35
470,-328,-2976,-232,-198,331,105
475,-336,-3048,-240,-306,265,200
480,-312,-3088,-160,-385,206,312
485,-312,-3088,-104,-409,156,424
490,-344,-3072,-8,-365,111,544
495,-328,-3000,32,-260,66,667
500,-280,-2872,16,-135,23,767
505,-216,-2792,-24,-28,-5,838
510,-200,-2672,-144,34,-9,881
515,-192,-2528,-224,58,7,893
520,-216,-2392,-256,51,36,877
525,-232,-2264,-288,29,69,841
530,-240,-2160,-320,6,110,786
535,-248,-2072,-376,-14,150,722
540,-240,-2024,-416,-27,195,646
545,-200,-1960,-432,-42,238,562
550,-128,-1928,-512,-57,287,474
555,-112,-1896,-544,-72,343,384
560,-24,-1840,-592,-85,405,296
565,96,-1768,-640,-98,475,213
570,224,-1760,-680,-102,551,136
575,344,-1688,-664,-92,631,70
580,456,-1616,-720,-66,704,8
585,560,-1568,-656,-28,764,-46
590,616,-1552,-624,21,807,-93
595,680,-1536,-600,77,830,-127
600,696,-1552,-568,132,835,-157
605,664,-1576,-544,173,826,-181
610,584,-1632,-520,193,808,-194
615,464,-1736,-440,201,786,-196
620,320,-1840,-304,198,760,-191
625,136,-1912,-296,194,729,-192
630,8,-2032,-208,196,696,-194
635,-72,-2144,-160,200,664,-191
640,-192,-2248,-144,204,642,-180
645,-280,-2352,-104,202,631,-160
650,-376,-2408,-136,194,622,-139
655,-488,-2448,-80,177,612,-117
660,-528,-2528,-136,162,596,-98
665,-584,-2536,-112,149,572,-83
670,-616,-2528,-208,147,548,-73
675,-624,-2512,-152,161,525,-70
680,-600,-2488,-184,187,500,-79
685,-560,-2456,-160,221,476,-100
690,-504,-2360,-160,257,453,-130
695,-416,-2328,-200,292,433,-169
700,-352,-2224,-176,319,416,-217
705,-240,-2160,-216,335,402,-270
710,-176,-2080,-176,341,393,-320
715,-88,-2024,-184,333,386,-366
720,-64,-1944,-176,311,381,-411
725,16,-1904,-152,279,370,-451
730,0,-1864,-176,246,356,-483
735,64,-1832,-152,219,343,-504
740,96,-1792,-144,192,330,-515
745,80,-1760,-120,162,320,-522
750,104,-1776,-112,135,313,-525
755,88,-1744,-96,112,315,-521
760,120,-1744,-24,82,327,-496
765,104,-1792,-40,52,333,-475
770,96,-1800,16,42,327,-467
775,104,-1864,8,47,324,-449
780,40,-1920,24,54,320,-429
785,16,-1880,48,62,313,-409
790,0,-1896,0,64,298,-393
795,0,-1928,16,57,278,-382
800,-56,-1896,64,48,258,-375
805,-32,-1944,32,35,240,-366
810,-88,-1928,24,25,225,-360
815,-104,-1928,48,19,213,-349
820,-104,-1936,72,18,196,-346
825,-96,-2008,144,23,172,-350
830,-80,-1944,104,41,144,-358
835,-56,-1968,80,63,118,-362
840,-72,-1936,160,79,94,-360
845,-8,-1944,152,90,66,-361
850,-64,-1880,136,96,36,-360
855,-8,-1856,136,92,9,-355
860,0,-1824,144,81,-16,-343
865,0,-1840,168,73,-38,-330
870,0,-1776,136,59,-59,-317
875,16,-1784,184,44,-80,-303
880,16,-1768,192,21,-102,-286
885,24,-1760,184,-9,-123,-266
890,32,-1720,208,-41,-145,-242
895,32,-1744,168,-67,-167,-222
900,16,-1712,232,-88,-187,-197
905,80,-1736,192,-113,-201,-166
910,96,-1736,224,-140,-212,-136
915,96,-1704,248,-168,-221,-107
920,88,-1704,224,-194,-234,-78
925,104,-1744,256,-218,-248,-46
930,96,-1744,272,-239,-269,-17
935,88,-1760,240,-250,-291,12
940,64,-1808,264,-255,-314,37
945,72,-1832,272,-253,-335,63
950,80,-1864,288,-246,-355,87
955,24,-1832,328,-236,-369,109
960,32,-1872,320,-224,-381,129
965,16,-1864,336,-209,-391,149
970,40,-1912,376,-193,-401,162
975,56,-1928,400,-168,-410,172
980,24,-1952,384,-139,-414,178
985,40,-1960,424,-109,-415,179
990,48,-2000,408,-78,-409,179
995,40,-2008,296,-50,-395,176
1000,8,-2048,328,-26,-379,171
1005,32,-2048,312,-14,-364,167
1010,48,-2040,272,-17,-352,157
1015,56,-2048,216,-34,-344,147
1020,72,-2056,240,-63,-338,139
1025,72,-2040,216,-101,-334,132
1030,56,-2040,272,-141,-334,125
1035,64,-2040,344,-177,-330,118
1040,72,-2088,376,-199,-323,107
1045,96,-2128,456,-206,-310,88
1050,128,-2104,504,-201,-293,61
1055,152,-2088,536,-197,-273,26
1060,160,-2080,552,-194,-260,-7
1065,184,-2088,544,-197,-245,-39
1070,240,-2088,520,-204,-231,-70
1075,272,-2112,456,-204,-213,-98
1080,328,-2200,392,-201,-193,-129
1085,344,-2248,240,-196,-169,-166
1090,416,-2416,120,-216,-140,-205
1095,448,-2520,0,-265,-103,-260
1100,424,-2632,-56,-353,-61,-326
1105,368,-2760,-64,-459,-14,-386
1110,376,-2840,16,-544,32,-441
1115,296,-2920,96,-577,79,-495
1120,232,-2928,192,-551,127,-545
1125,216,-2976,256,-472,173,-596
1130,208,-2976,288,-360,215,-646
1135,192,-2928,240,-242,254,-695
1140,208,-2840,128,-148,283,-737
1145,120,-2776,16,-102,296,-763
1150,24,-2728,-56,-106,288,-778
1155,-32,-2616,-104,-147,265,-776
1160,-32,-2576,-80,-198,229,-766
1165,8,-2536,-144,-236,195,-741
1170,72,-2488,-160,-246,167,-707
1175,152,-2440,-200,-235,146,-665
1180,144,-2376,-240,-213,127,-616
1185,144,-2304,-320,-190,102,-567
1190,152,-2216,-376,-176,74,-517
1195,144,-2168,-472,-174,44,-469
1200,168,-2104,-536,-183,15,-420
1205,136,-2016,-608,-197,-14,-374
1210,128,-1976,-648,-212,-46,-333
1215,112,-1888,-712,-227,-86,-302
1220,32,-1840,-744,-234,-135,-274
1225,-16,-1720,-752,-236,-193,-247
1230,-72,-1616,-704,-231,-252,-215
1235,-104,-1552,-664,-221,-301,-185
1240,-160,-1472,-616,-207,-331,-161
1245,-160,-1448,-528,-186,-341,-144
1250,-152,-1456,-488,-163,-330,-129
1255,-160,-1528,-432,-137,-307,-114
1260,-128,-1632,-376,-112,-275,-105
1265,-32,-1760,-312,-91,-240,-104
1270,8,-1880,-240,-60,-203,-104
1275,40,-1992,-200,-18,-172,-102
1280,104,-2112,-176,30,-142,-98
1285,168,-2208,-176,79,-115,-98
1290,240,-2272,-192,121,-91,-101
1295,288,-2328,-232,148,-76,-111
1300,288,-2368,-208,162,-61,-119
1305,328,-2376,-312,159,-46,-123
1310,376,-2376,-288,140,-31,-122
1315,408,-2384,-352,115,-15,-114
1320,384,-2384,-288,94,5,-98
1325,400,-2360,-264,88,22,-77
1330,344,-2352,-216,94,32,-48
1335,312,-2328,-184,119,33,-11
1340,272,-2296,-176,157,30,34
1345,200,-2280,-216,197,25,87
1350,160,-2240,-224,234,23,140
1355,120,-2200,-216,251,27,187
1360,88,-2136,-264,251,34,225
1365,64,-2096,-256,245,37,252
1370,80,-2056,-304,232,42,274
1375,72,-2048,-288,212,47,295
1380,96,-1976,-280,182,52,312
1385,96,-1960,-296,149,55,324
1390,104,-1960,-240,121,58,326
1395,112,-1920,-224,103,59,325
1400,120,-1928,-176,94,61,320
1405,152,-1928,-152,95,64,315
1410,160,-1904,-128,100,69,312
1415,168,-1912,-128,102,76,310
1420,176,-1880,-64,96,83,306
1425,136,-1848,-112,84,88,303
1430,128,-1800,-64,65,89,298
1435,120,-1832,-56,40,92,290
1440,112,-1832,-32,13,94,282
1445,96,-1832,-32,-13,96,267
1450,104,-1824,-56,-35,103,254
1455,120,-1856,-16,-50,114,242
1460,104,-1816,-40,-63,135,236
1465,88,-1824,8,-70,160,230
1470,96,-1840,-16,-76,188,230
1475,80,-1816,40,-81,215,231
1480,72,-1784,8,-85,243,235
1485,56,-1824,16,-86,269,242
1490,72,-1840,8,-83,293,248
1495,72,-1856,32,-79,315,251
1500,72,-1872,40,-78,333,251
1505,112,-1872,16,-76,355,259
1510,96,-1800,8,-83,376,263
1515,104,-1824,16,-92,395,264
1520,128,-1808,-8,-104,410,258
1525,128,-1824,8,-122,423,254
1530,128,-1792,24,-139,435,246
1535,96,-1784,16,-158,446,236
1540,72,-1768,48,-174,459,222
1545,80,-1784,56,-187,470,206
1550,64,-1792,80,-196,481,187
1555,64,-1800,128,-201,492,166
1560,48,-1848,152,-199,506,142
1565,48,-1856,160,-188,520,118
1570,16,-1864,192,-171,536,93
1575,8,-1896,192,-148,552,70
1580,-8,-1920,208,-118,565,46
1585,-24,-1928,280,-86,577,23
1590,-48,-2000,256,-52,587,0
1595,-32,-1992,320,-15,592,-23
1600,0,-2024,296,17,595,-46
1605,-8,-2048,296,49,595,-67
1610,8,-2048,280,78,590,-89
1615,0,-2040,312,102,587,-109
1620,16,-2032,320,121,579,-124
1625,8,-2040,296,132,573,-137
1630,0,-2008,280,136,567,-146
1635,0,-2000,336,134,560,-148
1640,-32,-2024,336,124,549,-148
1645,-40,-1992,360,111,534,-141
1650,-32,-2048,328,90,515,-128
1655,-64,-2040,320,64,489,-116
1660,-128,-2024,272,37,453,-102
1665,-144,-2016,216,2,407,-85
1670,-200,-1984,208,-37,347,-61
1675,-272,-1976,184,-84,297,-33
1680,-296,-1960,152,-133,255,-2
1685,-352,-1952,160,-183,226,27
1690,-360,-1920,224,-232,209,53
1695,-360,-1856,280,-282,200,75
1700,-368,-1816,400,-312,193,97
1705,-328,-1808,496,-331,190,117
1710,-304,-1760,536,-341,189,137
1715,-256,-1760,568,-343,188,153
1720,-216,-1776,608,-336,188,165
1725,-152,-1856,568,-318,185,170
1730,-144,-1936,456,-293,168,173
1735,-112,-2064,360,-264,132,180
1740,-216,-2232,224,-242,69,195
1745,-352,-2392,24,-238,-15,219
1750,-448,-2552,-176,-281,-94,265
1755,-544,-2728,-336,-381,-163,323
1760,-632,-2840,-432,-515,-222,389
1765,-720,-2960,-440,-648,-275,465
1770,-744,-3064,-328,-738,-328,563
1775,-752,-3168,-144,-754,-390,677
1780,-720,-3192,24,-686,-456,806
1785,-560,-3248,120,-543,-516,942
1790,-440,-3192,184,-361,-556,1060
1795,-312,-3112,112,-176,-568,1146
1800,-160,-3016,72,-32,-554,1207
1805,-88,-2840,-96,44,-523,1248
1810,0,-2720,-200,53,-482,1254
1815,32,-2624,-304,19,-435,1222
1820,112,-2544,-408,-30,-388,1154
1825,120,-2440,-480,-71,-346,1062
1830,112,-2336,-520,-94,-311,960
1835,144,-2288,-600,-97,-277,853
1840,120,-2216,-640,-91,-236,747
1845,152,-2152,-680,-77,-182,645
1850,168,-2088,-720,-52,-113,552
1855,240,-2032,-680,-18,-31,469
1860,280,-1984,-688,25,63,393
1865,312,-1896,-680,73,161,321
1870,360,-1848,-688,116,256,256
1875,384,-1792,-656,150,342,193
1880,408,-1752,-584,176,405,125
1885,440,-1768,-528,199,437,48
1890,448,-1728,-432,216,440,-30
1895,496,-1728,-376,240,424,-98
1900,496,-1760,-432,270,400,-150
1905,392,-1776,-400,296,391,-192
1910,248,-1816,-416,316,394,-219
1915,184,-1920,-384,327,387,-231
1920,0,-1944,-344,327,361,-236
1925,-128,-2008,-296,321,323,-238
1930,-224,-2064,-304,316,281,-229
1935,-328,-2136,-296,308,240,-200
1940,-456,-2200,-264,296,205,-155
1945,-520,-2272,-248,277,175,-95
1950,-640,-2320,-264,257,152,-31
1955,-712,-2368,-248,245,135,29
1960,-752,-2344,-216,238,122,75
1965,-736,-2328,-200,235,108,103
1970,-760,-2264,-200,233,93,113
1975,-640,-2208,-224,226,80,104
1980,-552,-2128,-232,216,72,81
1985,-408,-2072,-240,201,67,36
1990,-304,-2032,-216,189,67,-23
1995,-232,-1952,-232,173,66,-90
2000,-128,-1880,-224,150,66,-154
2005,-8,-1840,-272,116,67,-207
2010,32,-1808,-256,64,70,-256
2015,56,-1800,-240,-3,73,-306
2020,104,-1832,-248,-61,71,-360
2025,88,-1872,-176,-109,66,-407
2030,56,-1888,-184,-136,56,-444
2035,24,-1952,-176,-144,44,-468
2040,0,-1984,-208,-128,34,-480
2045,-32,-1984,-160,-101,25,-482
2050,-48,-1976,-168,-72,19,-479
2055,-88,-1944,-216,-53,15,-475
2060,-112,-1928,-176,-47,13,-463
2065,-112,-1896,-200,-60,14,-447
2070,-120,-1880,-192,-91,15,-431
2075,-136,-1904,-208,-128,11,-414
2080,-176,-1928,-128,-157,5,-392
2085,-176,-1864,-112,-177,-3,-364
2090,-192,-1864,-104,-180,-16,-336
2095,-184,-1896,-104,-171,-33,-308
2100,-176,-1888,-64,-147,-56,-284
2105,-208,-1856,-40,-115,-86,-265
2110,-200,-1888,-24,-82,-121,-244
2115,-200,-1864,-56,-48,-160,-227
2120,-208,-1840,16,-15,-203,-214
2125,-184,-1832,16,18,-247,-205
2130,-216,-1888,16,47,-289,-202
2135,-200,-1848,32,76,-333,-205
2140,-208,-1832,8,103,-375,-207
2145,-192,-1832,8,117,-414,-206
2150,-184,-1808,24,123,-449,-204
2155,-160,-1808,24,123,-480,-200
2160,-176,-1792,16,121,-506,-191
2165,-176,-1776,40,112,-533,-180
2170,-200,-1768,64,99,-561,-164
2175,-192,-1720,40,81,-585,-144
2180,-176,-1712,64,57,-605,-123
2185,-200,-1688,72,32,-626,-98
2190,-168,-1704,88,7,-644,-71
2195,-152,-1688,112,-13,-659,-42
2200,-104,-1712,112,-29,-674,-12
2205,-104,-1680,176,-36,-690,17
2210,-56,-1744,192,-30,-708,42
2215,-24,-1760,216,-12,-732,66
2220,-8,-1808,264,19,-760,83
2225,-16,-1832,256,62,-796,98
2230,-16,-1880,280,109,-835,108
2235,-16,-1920,320,156,-872,117
2240,-8,-1880,352,198,-906,126
2245,-56,-1936,344,232,-938,134
2250,-56,-1936,320,250,-966,147
2255,-72,-1920,296,253,-984,158
2260,-112,-1928,248,233,-993,169
2265,-96,-1920,224,195,-983,181
2270,-112,-1920,200,139,-962,194
2275,-88,-1912,128,74,-934,203
2280,-8,-1944,96,-2,-899,211
2285,-48,-1928,112,-82,-863,214
2290,8,-1952,128,-181,-830,212
2295,16,-1976,200,-254,-800,204
2300,80,-1984,304,-300,-770,187
2305,120,-2080,400,-318,-739,159
2310,200,-2152,528,-304,-707,118
2315,272,-2200,640,-263,-682,62
2320,320,-2232,704,-208,-660,2
2325,304,-2192,720,-158,-641,-57
2330,344,-2128,712,-131,-619,-108
2335,328,-2080,616,-130,-588,-148
2340,384,-2048,568,-153,-544,-187
2345,384,-2048,472,-194,-493,-220
2350,432,-2096,344,-246,-437,-252
2355,392,-2168,176,-312,-384,-286
2360,384,-2264,56,-389,-340,-328
2365,304,-2416,0,-475,-306,-384
2370,216,-2552,8,-571,-276,-442
2375,104,-2704,0,-648,-252,-500
2380,0,-2848,104,-676,-233,-553
2385,-104,-2968,192,-649,-214,-607
2390,-136,-3048,312,-573,-196,-667
2395,-136,-3088,360,-463,-175,-732
2400,-120,-3088,400,-336,-149,-796
2405,-160,-3080,344,-209,-122,-850
2410,-192,-3032,272,-95,-104,-890
2415,-224,-2960,176,-12,-110,-917
2420,-224,-2912,24,26,-136,-931
2425,-240,-2824,-192,14,-176,-934
2430,-216,-2768,-360,-34,-218,-921
2435,-168,-2656,-512,-108,-257,-902
2440,-88,-2576,-608,-188,-289,-876
2445,0,-2504,-720,-262,-320,-845
2450,24,-2384,-728,-324,-352,-810
2455,72,-2280,-792,-375,-397,-770
2460,120,-2120,-912,-420,-456,-729
2465,160,-2008,-944,-464,-531,-691
2470,152,-1856,-936,-508,-618,-654
2475,56,-1728,-944,-551,-712,-618
2480,8,-1576,-872,-581,-800,-578
2485,-104,-1472,-792,-588,-877,-531
2490,-240,-1424,-720,-573,-933,-479
2495,-360,-1408,-640,-528,-965,-419
2500,-464,-1432,-536,-472,-979,-351
2505,-528,-1504,-512,-409,-980,-277
2510,-560,-1608,-448,-343,-969,-198
2515,-520,-1784,-360,-273,-951,-117
2520,-440,-1968,-296,-198,-922,-46
2525,-272,-2112,-248,-116,-877,15
2530,-136,-2256,-224,-26,-823,74
2535,0,-2376,-208,71,-764,133
2540,64,-2432,-176,173,-706,188
2545,128,-2456,-160,259,-662,237
2550,224,-2472,-248,316,-636,276
2555,320,-2472,-344,337,-632,305
2560,416,-2472,-400,317,-647,325
2565,512,-2456,-464,264,-671,337
2570,536,-2424,-488,190,-690,345
2575,576,-2392,-480,116,-700,354
2580,608,-2352,-480,60,-695,363
2585,600,-2304,-472,20,-682,368
2590,520,-2200,-424,-2,-666,368
2595,472,-2128,-360,-6,-651,368
2600,392,-2072,-312,5,-640,370
2605,288,-2000,-288,26,-631,373
2610,216,-1896,-280,48,-621,372
2615,176,-1824,-240,66,-612,373
2620,72,-1728,-224,65,-602,378
2625,56,-1704,-256,40,-588,388
2630,24,-1688,-240,11,-571,402
2635,24,-1696,-216,-19,-555,412
2640,8,-1688,-224,-38,-538,422
2645,0,-1720,-216,-53,-522,428
2650,16,-1688,-224,-66,-506,432
2655,24,-1712,-184,-85,-485,430
2660,72,-1736,-176,-108,-458,424
2665,104,-1744,-160,-136,-431,416
2670,168,-1768,-120,-159,-400,411
2675,192,-1784,-64,-175,-370,402
2680,208,-1760,-40,-176,-338,394
2685,232,-1784,-40,-173,-306,384
2690,264,-1816,-8,-161,-276,367
2695,256,-1824,-16,-146,-246,346
2700,272,-1808,-24,-130,-215,327
2705,264,-1800,0,-118,-183,306
2710,264,-1808,8,-111,-151,285
2715,256,-1824,8,-111,-116,265
2720,256,-1792,0,-119,-82,245
2725,248,-1800,56,-127,-43,224
2730,256,-1856,16,-133,-4,203
2735,224,-1856,32,-135,37,186
2740,208,-1880,80,-132,74,172
2745,160,-1872,72,-126,108,159
2750,144,-1872,96,-121,138,149
2755,96,-1864,120,-122,166,142
2760,32,-1880,128,-122,190,137
2765,32,-1856,144,-128,213,136
2770,-8,-1888,184,-131,233,135
2775,-16,-1904,216,-123,255,130
2780,-40,-1968,216,-107,274,127
2785,-40,-1968,320,-74,294,127
2790,-40,-2000,344,-29,318,126
2795,-56,-2008,360,27,340,121
2800,-16,-2000,344,86,364,111
2805,-24,-1984,344,139,386,98
2810,8,-1960,344,179,407,83
2815,8,-1920,328,207,427,59
2820,32,-1912,328,225,443,41
2825,80,-1864,296,235,456,19
2830,120,-1864,312,242,474,-3
2835,176,-1824,320,246,495,-25
2840,240,-1840,296,247,513,-43
2845,256,-1824,336,248,529,-62
2850,280,-1824,272,244,538,-79
2855,280,-1832,272,233,541,-97
2860,272,-1856,208,208,534,-110
2865,272,-1856,112,172,513,-123
2870,248,-1896,64,127,479,-139
2875,168,-1912,8,79,437,-160
2880,96,-1928,-64,26,395,-180
2885,0,-1944,-64,-30,359,-191
2890,-96,-1984,-40,-90,339,-191
2895,-176,-1976,16,-150,336,-187
2900,-256,-2016,152,-201,344,-175
2905,-344,-2048,296,-237,358,-152
2910,-392,-2072,416,-251,369,-117
2915,-408,-2080,544,-249,372,-68
2920,-416,-2080,632,-242,368,-15
2925,-384,-2080,664,-239,358,38
2930,-384,-2048,696,-244,346,88
2935,-272,-2024,696,-263,333,134
2940,-200,-2064,632,-280,316,173
2945,-168,-2128,552,-272,289,206
2950,-184,-2296,440,-231,233,228
2955,-272,-2472,264,-172,142,258
2960,-408,-2656,24,-125,21,311
2965,-536,-2816,-240,-139,-98,372
2970,-680,-2984,-472,-239,-191,435
2975,-776,-3144,-608,-393,-246,498
2980,-864,-3272,-584,-537,-280,570
2985,-896,-3376,-448,-606,-326,656
2990,-944,-3432,-232,-562,-409,772
2995,-912,-3416,-80,-404,-525,904
3000,-920,-3320,-32,-188,-644,1034
3005,-736,-3256,-112,27,-730,1137
3010,-528,-3128,-248,191,-763,1203
3015,-392,-2984,-368,277,-736,1243
3020,-264,-2816,-472,285,-666,1258
3025,-160,-2640,-512,239,-581,1248
3030,-40,-2480,-512,171,-501,1208
3035,-32,-2352,-560,114,-441,1138
3040,8,-2184,-664,74,-399,1055
3045,8,-2048,-688,46,-369,957
3050,32,-1960,-776,22,-332,855
3055,80,-1816,-872,-1,-274,753
3060,144,-1712,-856,-30,-197,661
3065,208,-1568,-840,-60,-111,577
3070,248,-1520,-760,-75,-36,495
3075,280,-1488,-680,-62,23,419
3080,304,-1544,-560,-27,62,343
3085,352,-1560,-448,19,86,266
3090,496,-1688,-392,73,102,199
3095,576,-1816,-288,130,107,135
3100,584,-1896,-352,188,119,63
3105,480,-1960,-352,237,137,7
3110,416,-2016,-336,271,133,-34
3115,296,-2072,-296,283,95,-76
3120,192,-2104,-296,291,34,-123
3125,104,-2176,-280,296,-35,-165
3130,0,-2200,-256,303,-108,-197
3135,-136,-2248,-216,310,-169,-213
3140,-288,-2312,-240,308,-218,-212
3145,-400,-2328,-216,304,-251,-193
3150,-536,-2368,-288,292,-268,-160
3155,-664,-2424,-240,281,-277,-118
3160,-680,-2416,-176,265,-285,-69
3165,-824,-2376,-208,256,-300,-19
3170,-816,-2376,-232,254,-319,23
3175,-808,-2288,-232,262,-340,51
3180,-784,-2152,-200,275,-357,66
3185,-672,-2048,-232,283,-371,62
3190,-584,-1976,-184,286,-379,44
3195,-456,-1888,-216,279,-385,13
3200,-280,-1832,-192,253,-390,-32
3205,-168,-1744,-184,219,-393,-79
3210,-40,-1712,-192,176,-392,-130
3215,8,-1632,-152,121,-393,-182
3220,88,-1632,-208,55,-394,-228
3225,128,-1592,-208,-26,-395,-265
3230,136,-1592,-192,-113,-396,-299
3235,152,-1616,-200,-194,-395,-322
3240,160,-1656,-168,-254,-397,-337
3245,120,-1688,-136,-289,-402,-347
3250,72,-1752,-136,-293,-409,-347
3255,48,-1848,-136,-271,-416,-338
3260,16,-1864,-104,-229,-421,-319
3265,0,-1872,-104,-182,-425,-303
3270,8,-1864,-64,-142,-427,-288
3275,-64,-1864,-96,-117,-429,-275
3280,-72,-1856,-104,-111,-430,-261
3285,-56,-1864,-24,-113,-428,-244
3290,-72,-1904,-24,-118,-423,-228
3295,-96,-1920,-8,-120,-419,-212
3300,-88,-1920,8,-116,-417,-195
3305,-72,-1936,8,-111,-416,-182
3310,-104,-1936,32,-99,-422,-174
3315,-104,-1920,48,-81,-434,-170
3320,-168,-1896,88,-59,-451,-166
3325,-88,-1888,72,-37,-474,-164
3330,-96,-1864,24,-19,-501,-163
3335,-104,-1800,88,-12,-527,-162
3340,-56,-1816,104,-18,-554,-160
3345,-24,-1808,96,-23,-578,-157
3350,0,-1776,88,-27,-599,-153
3355,0,-1744,104,-34,-619,-148
3360,0,-1736,152,-47,-638,-142
3365,0,-1680,128,-59,-653,-135
3370,8,-1688,136,-72,-665,-122
3375,32,-1624,184,-82,-680,-106
3380,40,-1656,144,-98,-696,-86
3385,64,-1696,152,-112,-711,-61
3390,32,-1696,192,-122,-733,-35
3395,16,-1744,208,-124,-761,-7
3400,56,-1816,216,-104,-795,24
3405,16,-1856,248,-75,-832,53
3410,0,-1896,240,-37,-871,81
3415,-32,-1920,256,-1,-909,108
3420,-48,-1936,264,30,-942,134
3425,-72,-1944,264,56,-972,163
3430,-56,-1984,296,70,-996,191
3435,-104,-2000,240,77,-1011,217
3440,-120,-2008,280,80,-1020,243
3445,-96,-2024,312,79,-1018,268
3450,-72,-2056,320,77,-1005,290
3455,-40,-2096,320,72,-973,301
3460,-24,-2112,256,62,-922,305
3465,16,-2136,224,36,-864,306
3470,120,-2120,192,-15,-806,300
3475,272,-2128,112,-91,-742,285
3480,344,-2112,144,-178,-674,262
3485,448,-2144,248,-252,-612,234
3490,504,-2176,336,-292,-564,202
3495,536,-2232,456,-291,-529,159
3500,576,-2232,536,-249,-498,100
3505,584,-2192,600,-191,-471,28
3510,584,-2128,656,-136,-441,-41
3515,600,-2064,696,-96,-409,-103
3520,584,-1992,640,-71,-369,-155
3525,560,-1952,584,-66,-318,-199
3530,520,-1944,456,-76,-258,-234
3535,488,-1992,312,-102,-201,-262
3540,424,-2000,112,-152,-160,-295
3545,328,-2136,-56,-235,-131,-338
3550,240,-2264,-160,-363,-104,-392
3555,144,-2496,-232,-522,-54,-459
3560,64,-2664,-176,-659,15,-528
3565,-32,-2840,-16,-720,99,-595
3570,-48,-2944,112,-687,179,-662
3575,-16,-3024,232,-579,239,-727
3580,16,-3064,240,-433,277,-797
3585,16,-3048,296,-282,297,-864
3590,56,-3024,264,-153,298,-923
3595,24,-2968,168,-59,283,-973
3600,0,-2872,88,1,255,-1010
3605,-24,-2816,-24,25,216,-1035
3610,-120,-2736,-208,21,167,-1046
3615,-104,-2664,-344,-11,114,-1041
3620,-88,-2616,-504,-67,63,-1024
3625,-40,-2560,-616,-130,22,-1002
3630,-8,-2448,-696,-191,-11,-981
3635,0,-2336,-760,-234,-40,-952
3640,16,-2248,-808,-260,-77,-915
3645,0,-2168,-864,-276,-139,-875
3650,-16,-1992,-912,-286,-227,-831
3655,-88,-1856,-864,-290,-339,-788
3660,-176,-1672,-888,-290,-454,-737
3665,-248,-1552,-800,-281,-555,-675
3670,-392,-1440,-728,-256,-631,-609
3675,-520,-1368,-672,-221,-680,-539
3680,-632,-1376,-568,-182,-706,-456
3685,-728,-1408,-504,-140,-718,-364
3690,-784,-1512,-472,-106,-717,-263
3695,-776,-1632,-400,-82,-707,-161
3700,-624,-1824,-336,-71,-684,-70
3705,-520,-2000,-328,-60,-647,8
3710,-424,-2168,-312,-39,-602,71
3715,-264,-2272,-264,0,-552,130
3720,-152,-2384,-256,56,-502,181
3725,8,-2472,-328,121,-460,223
3730,96,-2512,-328,179,-429,247
3735,248,-2520,-352,222,-409,258
3740,408,-2568,-368,242,-400,256
3745,520,-2576,-432,236,-401,243
3750,640,-2568,-456,212,-399,228
3755,696,-2568,-440,184,-388,212
3760,776,-2504,-480,166,-367,197
3765,792,-2432,-432,155,-335,189
3770,800,-2352,-392,155,-296,186
3775,712,-2256,-320,168,-261,188
3780,632,-2136,-296,186,-234,200
3785,536,-2072,-200,210,-219,219
3790,464,-2000,-192,228,-212,240
3795,352,-1896,-200,233,-208,265
3800,296,-1832,-160,221,-204,292
3805,232,-1816,-160,186,-198,319
3810,136,-1728,-184,136,-192,344
3815,64,-1728,-144,83,-182,370
3820,48,-1712,-128,32,-172,404
3825,8,-1728,-120,-9,-159,435
3830,0,-1728,-128,-43,-145,458
3835,16,-1736,-112,-68,-128,467
3840,0,-1752,-120,-88,-111,462
3845,24,-1728,-96,-106,-97,446
3850,32,-1736,-48,-117,-80,428
3855,40,-1752,-8,-124,-64,420
3860,56,-1696,0,-120,-48,409
3865,40,-1736,8,-111,-37,396
3870,40,-1712,24,-100,-27,382
3875,56,-1736,32,-96,-18,370
3880,56,-1736,16,-98,-10,365
3885,56,-1744,40,-108,3,361
3890,72,-1744,48,-121,20,355
3895,112,-1792,48,-133,38,350
3900,120,-1768,88,-139,63,340
3905,104,-1736,104,-141,89,327
3910,120,-1792,48,-142,115,312
3915,120,-1784,72,-143,141,295
3920,136,-1800,112,-143,168,276
3925,152,-1816,120,-142,194,249
3930,128,-1808,136,-141,220,229
3935,112,-1800,160,-142,242,208
3940,88,-1792,176,-144,261,193
3945,80,-1792,152,-146,274,176
3950,56,-1792,208,-153,290,161
3955,24,-1776,232,-156,301,144
3960,0,-1792,264,-151,312,130
3965,-8,-1784,272,-144,322,116
3970,-8,-1800,376,-127,334,102
3975,-48,-1832,328,-106,345,87
3980,-40,-1840,392,-75,354,70
3985,-80,-1880,416,-41,363,50
3990,-96,-1872,400,-8,371,31
3995,-72,-1856,360,18,378,11
4000,-64,-1856,312,38,381,-8
4005,-48,-1840,264,50,380,-27
4010,-24,-1840,288,55,381,-42
4015,0,-1800,200,56,382,-54
4020,48,-1824,224,55,389,-67
4025,112,-1856,224,58,397,-77
4030,104,-1832,224,61,405,-87
4035,192,-1896,240,68,409,-97
4040,216,-1944,232,75,404,-106
4045,232,-1960,232,77,385,-123
4050,264,-2000,144,67,356,-135
4055,264,-2016,112,46,314,-150
4060,216,-2000,32,14,267,-165
4065,216,-2016,24,-35,222,-176
4070,128,-2000,16,-94,187,-181
4075,64,-2040,72,-156,165,-178
4080,-24,-2048,120,-216,158,-167
4085,-64,-2056,256,-263,163,-150
4090,-96,-2056,368,-292,174,-124
4095,-128,-2048,520,-306,185,-88
4100,-144,-2048,592,-309,197,-43
4105,-128,-2040,680,-310,205,2
4110,-104,-2016,728,-319,210,47
4115,-56,-2008,752,-333,210,90
4120,-56,-2048,680,-348,196,132
4125,-80,-2144,592,-349,165,170
4130,-152,-2288,504,-334,104,207
4135,-312,-2408,240,-308,12,246
4140,-472,-2576,104,-287,-94,302
4145,-600,-2760,-112,-294,-197,365
4150,-776,-2928,-280,-339,-275,426
4155,-888,-3080,-360,-407,-321,487
4160,-952,-3256,-344,-467,-341,553
4165,-984,-3360,-216,-491,-354,632
4170,-1016,-3448,-104,-454,-383,734
4175,-976,-3512,8,-357,-442,854
4180,-928,-3472,48,-209,-530,982
4185,-776,-3424,-96,-49,-617,1104
4190,-608,-3248,-208,83,-674,1207
4195,-440,-3072,-376,151,-686,1279
4200,-304,-2872,-504,144,-659,1325
4205,-176,-2712,-584,91,-610,1341
4210,-32,-2536,-600,20,-553,1324
4215,8,-2360,-664,-36,-498,1266
4220,72,-2176,-720,-68,-448,1180
4225,144,-2024,-808,-81,-399,1074
4230,224,-1864,-840,-88,-340,953
4235,288,-1680,-872,-94,-268,836
4240,336,-1528,-896,-102,-181,718
4245,400,-1448,-792,-107,-92,610
4250,464,-1368,-712,-101,-18,518
4255,472,-1320,-632,-79,35,429
4260,480,-1392,-528,-52,70,344
4265,448,-1488,-448,-20,90,254
4270,440,-1648,-352,9,89,159
4275,376,-1792,-344,34,69,67
4280,384,-1968,-240,52,36,-4
4285,280,-2080,-240,71,-6,-58
4290,128,-2208,-240,97,-50,-106
4295,16,-2384,-224,121,-94,-149
4300,-120,-2384,-168,142,-144,-187
4305,-256,-2424,-208,156,-210,-219
4310,-376,-2456,-208,156,-281,-236
4315,-512,-2448,-176,149,-345,-233
4320,-640,-2456,-216,143,-400,-204
4325,-736,-2496,-216,137,-438,-154
4330,-832,-2488,-232,140,-458,-91
4335,-904,-2472,-184,154,-470,-22
4340,-968,-2392,-200,175,-481,41
4345,-968,-2320,-152,204,-492,95
4350,-984,-2240,-240,240,-507,134
4355,-880,-2136,-184,278,-532,150
4360,-792,-2000,-192,309,-564,144
4365,-648,-1888,-208,328,-599,115
4370,-512,-1816,-192,324,-631,77
4375,-352,-1760,-200,300,-657,32
4380,-176,-1752,-168,262,-675,-19
4385,-72,-1744,-248,204,-690,-75
4390,0,-1672,-264,137,-699,-134
4395,104,-1624,-256,60,-705,-192
4400,128,-1680,-336,-36,-705,-250
4405,184,-1624,-328,-145,-702,-303
4410,168,-1624,-328,-253,-700,-348
4415,176,-1648,-272,-349,-700,-381
4420,160,-1720,-248,-419,-702,-402
4425,152,-1792,-272,-457,-702,-412
4430,120,-1848,-200,-457,-698,-406
4435,64,-1920,-160,-426,-688,-391
4440,40,-1944,-96,-367,-674,-363
4445,48,-1968,-64,-290,-658,-328
4450,16,-1912,-56,-219,-643,-287
4455,8,-1984,-8,-162,-636,-245
4460,0,-1912,0,-125,-633,-207
4465,-8,-1912,16,-108,-636,-171
4470,-16,-1888,32,-98,-645,-141
4475,-24,-1880,64,-95,-654,-107
4480,-16,-1872,40,-99,-662,-85
4485,-72,-1832,16,-106,-673,-69
4490,-88,-1840,88,-122,-684,-56
4495,-80,-1792,40,-143,-696,-46
4500,-96,-1768,16,-172,-705,-37
4505,-112,-1728,24,-209,-711,-31
4510,-160,-1704,0,-254,-712,-25
4515,-136,-1760,24,-291,-711,-22
4520,-128,-1760,80,-316,-713,-19
4525,-96,-1760,104,-326,-717,-17
4530,-48,-1792,104,-322,-725,-15
4535,-48,-1784,144,-306,-732,-12
4540,16,-1784,160,-283,-739,-8
4545,32,-1784,216,-249,-750,-5
4550,40,-1800,240,-204,-765,-3
4555,56,-1792,296,-154,-785,-1
4560,72,-1832,280,-106,-806,-3
4565,48,-1824,360,-68,-825,-4
4570,64,-1824,344,-34,-841,-3
4575,72,-1872,352,-10,-851,0
4580,96,-1904,360,13,-852,5
4585,104,-1912,376,32,-840,7
4590,120,-1928,320,49,-820,4
4595,136,-1896,312,57,-793,0
4600,136,-1936,264,58,-769,-6
4605,128,-1888,272,54,-753,-17
4610,96,-1952,256,51,-747,-27
4615,80,-1952,312,50,-751,-38
4620,40,-1976,304,57,-762,-45
4625,24,-2016,272,74,-768,-50
4630,0,-2040,224,96,-753,-48
4635,0,-2048,256,113,-719,-37
4640,0,-2072,192,118,-679,-25
4645,8,-2048,160,103,-633,-14
4650,-8,-2056,152,70,-580,-3
4655,-8,-2048,240,29,-528,8
4660,-64,-2040,336,-4,-483,18
4665,-64,-2008,432,-21,-444,24
4670,-32,-1936,592,-24,-409,22
4675,16,-1920,600,-26,-372,10
4680,-16,-1848,656,-43,-340,-10
4685,-32,-1760,696,-76,-315,-33
4690,-56,-1672,736,-129,-302,-52
4695,-56,-1632,712,-197,-305,-69
4700,-24,-1632,632,-273,-310,-88
4705,8,-1672,512,-343,-303,-106
4710,24,-1792,392,-396,-269,-122
4715,40,-1928,232,-420,-219,-141
4720,56,-2120,96,-424,-180,-169
4725,128,-2368,-72,-432,-162,-220
4730,168,-2584,-232,-469,-160,-296
4735,224,-2840,-360,-536,-158,-385
4740,280,-3080,-352,-598,-144,-480
4745,280,-3248,-328,-608,-108,-568
4750,320,-3328,-360,-552,-48,-654
4755,400,-3336,-360,-443,26,-742
4760,504,-3328,-400,-312,105,-836
4765,528,-3272,-552,-191,173,-933
4770,480,-3216,-688,-107,216,-1017
4775,320,-3104,-744,-66,223,-1078
4780,224,-2976,-808,-64,194,-1128
4785,208,-2816,-816,-82,137,-1174
4790,168,-2632,-912,-119,61,-1216
4795,88,-2488,-880,-164,-26,-1244
4800,8,-2344,-880,-211,-125,-1254
4805,-64,-2224,-872,-253,-232,-1238
4810,-176,-2088,-888,-290,-338,-1206
4815,-272,-2024,-792,-317,-430,-1162
4820,-352,-1920,-768,-329,-502,-1099
4825,-432,-1848,-728,-337,-551,-1009
4830,-512,-1816,-632,-341,-582,-882
4835,-544,-1856,-576,-327,-605,-731
4840,-592,-1968,-504,-310,-621,-573
4845,-624,-2048,-472,-277,-629,-414
4850,-552,-2168,-368,-221,-624,-257
4855,-456,-2272,-296,-134,-603,-96
4860,-320,-2304,-296,-25,-561,63
4865,-176,-2336,-272,77,-504,206
4870,-8,-2384,-280,161,-444,330
4875,104,-2448,-272,222,-397,429
4880,240,-2520,-296,269,-377,492
4885,400,-2576,-344,300,-379,525
4890,504,-2664,-344,321,-391,540
4895,672,-2704,-400,350,-390,532
4900,816,-2672,-400,392,-371,503
4905,960,-2608,-392,431,-331,448
4910,1024,-2512,-400,464,-277,388
4915,1112,-2384,-384,487,-215,334
4920,1144,-2232,-360,488,-161,286
4925,1136,-2104,-352,466,-116,243
4930,1104,-1960,-376,418,-81,210
4935,1024,-1776,-392,334,-48,187
4940,960,-1664,-336,228,-19,172
4945,768,-1592,-320,118,9,169
4950,624,-1552,-304,26,37,174
4955,464,-1528,-296,-46,64,192
4960,296,-1504,-320,-107,93,228
4965,144,-1544,-264,-158,128,285
4970,56,-1544,-256,-195,165,349
4975,-48,-1616,-264,-218,200,406
4980,-112,-1608,-248,-231,232,448
4985,-192,-1632,-224,-240,263,471
4990,-216,-1688,-200,-249,295,487
4995,-240,-1712,-232,-250,322,495
5000,-200,-1784,-144,-240,349,496
5005,-176,-1816,-136,-219,371,484
5010,-136,-1824,-136,-196,389,461
5015,-80,-1824,-64,-174,401,435
5020,-8,-1816,-80,-156,406,408
5025,8,-1816,-40,-141,405,379
5030,48,-1800,-64,-134,400,357
5035,40,-1800,-56,-132,392,334
5040,64,-1800,-56,-129,382,306
5045,96,-1808,-24,-132,371,276
5050,88,-1816,-32,-135,358,252
5055,88,-1776,-8,-142,351,227
5060,112,-1784,24,-149,355,209
5065,112,-1768,0,-156,373,196
5070,144,-1776,64,-163,402,181
5075,144,-1776,104,-161,437,167
5080,144,-1792,144,-149,472,159
5085,144,-1816,216,-130,503,157
5090,144,-1840,248,-99,529,160
5095,144,-1872,264,-63,551,169
5100,120,-1872,264,-17,571,180
5105,72,-1920,200,31,590,193
5110,72,-1920,176,75,609,207
5115,32,-1912,176,118,629,221
5120,40,-1912,168,161,649,229
5125,24,-1912,120,206,669,229
5130,16,-1928,152,244,691,219
5135,56,-1928,72,274,710,199
5140,48,-1912,72,293,728,170
5145,48,-1896,72,307,744,133
5150,80,-1920,24,311,756,92
5155,104,-1920,32,309,769,49
5160,168,-1912,32,301,781,0
5165,120,-1944,32,285,789,-54
5170,136,-1976,56,263,794,-113
5175,128,-1992,88,239,788,-171
5180,160,-2096,80,227,756,-230
5185,160,-2168,72,227,697,-284
5190,96,-2208,56,226,618,-325
5195,40,-2216,32,215,529,-342
5200,-56,-2184,64,181,445,-339
5205,-152,-2112,96,125,381,-313
5210,-216,-2072,200,56,336,-272
5215,-256,-2048,328,-11,308,-222
5220,-312,-2000,520,-60,278,-159
5225,-368,-1960,640,-92,243,-87
5230,-376,-1904,744,-113,205,-7
5235,-344,-1880,752,-134,169,71
5240,-304,-1816,760,-166,144,141
5245,-224,-1792,680,-209,132,197
5250,-120,-1800,688,-250,130,243
5255,-40,-1864,552,-274,132,278
5260,-56,-1952,448,-270,125,298
5265,-32,-2056,400,-238,96,323
5270,-104,-2256,200,-197,46,355
5275,-208,-2424,40,-179,-24,406
5280,-320,-2608,-192,-218,-97,468
5285,-424,-2800,-344,-313,-171,535
5290,-488,-2984,-408,-425,-238,599
5295,-544,-3048,-432,-498,-307,668
5300,-648,-3104,-312,-504,-385,754
5305,-744,-3080,-216,-428,-470,860
5310,-744,-3072,-120,-303,-557,981
5315,-656,-3064,-112,-158,-626,1097
5320,-600,-2888,-152,-27,-664,1191
5325,-520,-2864,-304,79,-666,1257
5330,-440,-2720,-448,142,-644,1300
5335,-352,-2632,-624,152,-608,1318
5340,-320,-2504,-760,114,-571,1312
5345,-296,-2360,-848,54,-541,1284
5350,-240,-2208,-952,-11,-511,1238
5355,-168,-2096,-992,-61,-475,1174
5360,-88,-1976,-976,-97,-418,1100
5365,-8,-1840,-928,-111,-334,1020
5370,72,-1696,-848,-106,-235,944
5375,232,-1584,-672,-83,-140,866
5380,280,-1552,-648,-43,-60,780
5385,376,-1536,-520,6,0,689
5390,472,-1592,-384,54,38,589
5395,520,-1712,-360,94,52,472
5400,608,-1856,-272,116,56,348
5405,680,-1984,-280,134,52,237
5410,680,-2088,-272,152,52,147
5415,608,-2176,-304,169,58,71
5420,520,-2264,-336,190,60,1
5425,368,-2336,-312,211,38,-63
5430,232,-2392,-336,232,-9,-122
5435,72,-2392,-264,262,-71,-168
5440,-88,-2400,-256,295,-133,-198
5445,-232,-2408,-224,330,-185,-210
5450,-392,-2376,-224,356,-217,-206
5455,-520,-2376,-200,364,-226,-185
5460,-672,-2360,-240,349,-220,-155
5465,-808,-2336,-224,318,-213,-112
5470,-872,-2280,-248,277,-211,-61
5475,-912,-2264,-184,240,-210,-16
5480,-880,-2224,-168,216,-216,25
5485,-872,-2128,-168,210,-227,48
5490,-792,-2040,-48,222,-239,53
5495,-696,-2016,-80,253,-251,43
5500,-616,-1944,-56,288,-263,26
5505,-512,-1848,-88,314,-279,0
5510,-408,-1752,-112,311,-299,-43
5515,-280,-1680,-152,276,-322,-98
5520,-208,-1608,-152,215,-339,-161
5525,-168,-1568,-104,138,-359,-223
5530,-64,-1536,-144,58,-382,-281
5535,-56,-1560,-136,-31,-405,-341
5540,0,-1528,-136,-120,-427,-397
5545,8,-1552,-104,-200,-446,-445
5550,24,-1608,-96,-262,-465,-480
5555,16,-1696,-56,-299,-483,-505
5560,8,-1784,-64,-307,-503,-514
5565,-32,-1856,0,-292,-520,-501
5570,-24,-1928,0,-258,-535,-474
5575,-48,-1920,0,-212,-544,-438
5580,-40,-1936,8,-171,-549,-402
5585,-16,-1928,8,-142,-554,-366
5590,-48,-1888,24,-134,-557,-328
5595,-56,-1896,48,-142,-563,-292
5600,-64,-1904,56,-154,-575,-266
5605,-64,-1928,64,-164,-586,-240
5610,-48,-1920,88,-167,-601,-215
5615,-48,-1920,88,-170,-616,-192
5620,-72,-1896,80,-175,-630,-179
5625,-64,-1904,80,-186,-646,-171
5630,-56,-1856,72,-204,-659,-161
5635,-64,-1888,80,-227,-672,-152
5640,-40,-1872,104,-250,-683,-140
5645,-32,-1864,128,-271,-695,-126
5650,-72,-1856,160,-294,-705,-108
5655,-48,-1888,176,-305,-714,-88
5660,-40,-1872,176,-293,-725,-71
5665,-64,-1856,160,-267,-732,-58
5670,0,-1848,216,-238,-741,-49
5675,0,-1792,184,-213,-750,-45
5680,24,-1784,200,-193,-759,-37
5685,32,-1752,208,-179,-764,-24
5690,56,-1760,256,-167,-767,-9
5695,56,-1760,264,-153,-768,9
5700,128,-1784,264,-138,-767,27
5705,88,-1832,272,-120,-765,47
5710,72,-1856,256,-100,-762,66
5715,80,-1904,248,-72,-759,85
5720,72,-1880,216,-49,-755,102
5725,40,-1896,184,-34,-747,116
5730,32,-1904,208,-33,-739,127
5735,32,-1944,208,-36,-728,136
5740,72,-1992,272,-35,-713,143
5745,56,-2048,296,-29,-695,144
5750,72,-2136,216,-15,-664,140
5755,104,-2192,200,3,-611,132
5760,128,-2224,192,17,-551,120
5765,168,-2224,160,22,-499,103
5770,200,-2248,104,11,-460,83
5775,216,-2232,80,-25,-425,62
5780,216,-2208,128,-70,-389,43
5785,248,-2200,192,-108,-350,25
5790,272,-2184,352,-129,-299,5
5795,280,-2168,392,-131,-236,-22
5800,264,-2136,472,-126,-167,-56
5805,216,-2088,536,-128,-100,-95
5810,208,-2032,560,-147,-47,-134
5815,152,-1976,600,-187,-11,-171
5820,144,-1896,640,-247,9,-205
5825,96,-1824,632,-317,22,-234
5830,48,-1768,616,-391,30,-256
5835,24,-1720,600,-459,35,-272
5840,-16,-1672,584,-518,37,-281
5845,-40,-1672,616,-557,40,-287
5850,-24,-1768,560,-570,51,-292
5855,-56,-1904,480,-550,75,-298
5860,-40,-2080,416,-503,106,-306
5865,-80,-2296,256,-449,115,-321
5870,-88,-2480,88,-411,89,-347
5875,-56,-2696,-96,-423,39,-389
5880,-32,-2944,-232,-490,-10,-439
5885,-16,-3112,-336,-576,-20,-497
5890,-32,-3208,-336,-631,16,-559
5895,0,-3216,-376,-633,94,-622
5900,32,-3232,-400,-576,185,-693
5905,120,-3168,-488,-472,262,-766
5910,112,-3096,-584,-352,316,-833
5915,56,-3000,-696,-246,334,-896
5920,0,-2800,-808,-174,315,-950
5925,0,-2616,-1000,-149,262,-995
5930,-8,-2408,-1056,-172,186,-1032
5935,16,-2184,-1152,-242,103,-1069
5940,64,-1960,-1152,-348,26,-1095
5945,112,-1736,-1088,-467,-36,-1103
5950,160,-1600,-1080,-567,-88,-1097
5955,160,-1512,-936,-634,-122,-1085
5960,160,-1384,-872,-664,-144,-1058
5965,144,-1400,-768,-662,-164,-1009
5970,152,-1368,-584,-641,-186,-945
5975,56,-1504,-576,-616,-210,-867
5980,8,-1624,-512,-572,-230,-771
5985,8,-1832,-456,-503,-246,-665
5990,0,-1984,-456,-417,-258,-560
5995,-16,-2080,-424,-318,-264,-454
6000,-16,-2160,-432,-219,-264,-344
6005,40,-2248,-384,-118,-256,-229
6010,56,-2320,-408,-21,-238,-121
6015,56,-2360,-400,62,-212,-22
6020,88,-2424,-432,121,-184,66
6025,168,-2520,-424,159,-157,145
6030,160,-2592,-456,186,-149,208
6035,200,-2648,-472,204,-160,259
6040,280,-2704,-488,216,-179,301
6045,328,-2680,-488,225,-193,328
6050,376,-2648,-472,237,-196,341
6055,440,-2576,-424,255,-187,344
6060,488,-2464,-376,274,-173,338
6065,480,-2336,-328,284,-158,323
6070,488,-2176,-256,281,-146,318
6075,472,-2080,-192,257,-140,312
6080,472,-1912,-256,201,-135,301
6085,432,-1768,-232,112,-135,294
6090,440,-1680,-216,-2,-130,293
6095,368,-1576,-208,-124,-127,298
6100,296,-1536,-160,-233,-128,312
6105,256,-1544,-136,-310,-136,332
6110,120,-1512,-128,-357,-146,353
6115,72,-1512,-128,-380,-156,379
6120,0,-1512,-80,-392,-165,409
6125,-32,-1520,-120,-396,-169,443
6130,-40,-1536,-48,-401,-165,477
6135,-80,-1576,-48,-407,-150,506
6140,-64,-1664,-32,-404,-131,521
6145,-56,-1752,0,-389,-113,531
6150,-24,-1832,0,-366,-101,524
6155,-8,-1896,-16,-337,-91,515
6160,32,-1960,0,-302,-84,509
6165,48,-1952,0,-272,-78,507
6170,48,-1976,0,-247,-74,511
6175,64,-1968,16,-220,-74,515
6180,88,-1952,16,-196,-77,512
6185,64,-1992,64,-171,-82,502
6190,80,-1880,80,-144,-88,495
6195,80,-1880,72,-120,-88,489
6200,112,-1864,80,-97,-82,492
6205,136,-1824,88,-87,-70,496
6210,120,-1784,96,-92,-55,490
6215,168,-1784,112,-108,-35,477
6220,168,-1736,88,-130,-10,459
6225,184,-1728,72,-161,16,437
6230,208,-1712,8,-201,42,417
6235,184,-1712,-40,-250,66,399
6240,200,-1640,-64,-302,92,382
6245,256,-1640,-128,-358,119,360
6250,224,-1648,-112,-417,146,325
6255,144,-1704,-80,-459,169,299
6260,136,-1736,-112,-471,183,285
6265,88,-1728,-96,-470,187,261
6270,88,-1784,-120,-454,191,235
6275,48,-1824,-144,-429,202,207
6280,56,-1872,-136,-389,218,173
6285,64,-1912,-136,-335,236,137
6290,40,-1928,-112,-266,251,99
6295,64,-1992,-112,-191,262,62
6300,112,-2016,-80,-123,276,26
6305,176,-2016,-104,-64,298,-7
6310,200,-2016,-72,-32,333,-47
6315,240,-2000,-56,-18,370,-80
6320,296,-2008,-80,-26,403,-95
6325,344,-1968,-96,-53,423,-95
6330,368,-1928,-64,-102,430,-87
6335,424,-1960,-104,-168,432,-76
6340,480,-1944,-112,-250,431,-64
6345,464,-1992,-56,-350,436,-69
6350,432,-2040,-40,-442,446,-75
6355,440,-2112,-16,-517,455,-63
6360,376,-2216,24,-585,458,-48
6365,344,-2312,72,-632,451,-28
6370,336,-2432,128,-672,438,-20
6375,240,-2496,160,-707,423,-29
6380,120,-2560,200,-727,405,-36
6385,40,-2568,176,-751,375,-44
6390,-120,-2576,88,-783,331,-61
6395,-224,-2584,64,-830,272,-70
6400,-336,-2504,0,-899,196,-77
6405,-504,-2528,-112,-995,109,-91
6410,-664,-2440,-256,-1100,13,-76
6415,-768,-2432,-288,-1231,-94,-49
6420,-880,-2384,-344,-1375,-210,-19
6425,-944,-2352,-448,-1517,-322,24
6430,-992,-2352,-488,-1654,-423,68
6435,-984,-2312,-504,-1772,-502,127
6440,-944,-2312,-536,-1871,-566,188
6445,-880,-2264,-512,-1946,-619,242
6450,-808,-2240,-488,-2006,-671,294
6455,-688,-2176,-368,-2060,-726,348
6460,-584,-2048,-320,-2115,-793,387
6465,-504,-1968,-200,-2171,-859,419
6470,-352,-1856,-56,-2218,-916,461
6475,-200,-1752,32,-2241,-959,509
6480,-120,-1624,96,-2244,-985,558
6485,-8,-1536,232,-2242,-1000,605
6490,80,-1448,256,-2233,-1012,651
6495,112,-1384,272,-2209,-1022,690
6500,168,-1376,256,-2171,-1032,726
6505,216,-1360,192,-2123,-1046,768
6510,240,-1368,88,-2076,-1059,792
6515,184,-1376,-72,-2028,-1071,793
6520,160,-1432,-264,-1980,-1087,773
6525,16,-1464,-480,-1937,-1105,732
6530,-48,-1512,-728,-1896,-1129,664
6535,-176,-1536,-960,-1870,-1156,563
6540,-280,-1568,-1160,-1864,-1174,447
6545,-288,-1656,-1448,-1865,-1161,333
6550,-336,-1752,-1600,-1875,-1118,226
6555,-320,-1896,-1648,-1900,-1051,120
6560,-352,-1944,-1664,-1921,-963,4
6565,-384,-2096,-1704,-1926,-870,-82
6570,-416,-2224,-1624,-1909,-802,-144
6575,-472,-2304,-1656,-1864,-770,-171
6580,-456,-2368,-1752,-1825,-766,-181
6585,-424,-2400,-1824,-1832,-788,-187
6590,-280,-2512,-1968,-1903,-798,-183
6595,-72,-2576,-2056,-2034,-793,-192
6600,96,-2616,-2128,-2200,-753,-215
6605,120,-2600,-2080,-2376,-665,-255
6610,56,-2552,-1984,-2455,-549,-282
6615,-144,-2536,-1920,-2459,-442,-285
6620,-312,-2432,-1920,-2389,-373,-269
6625,-368,-2360,-2048,-2271,-340,-244
6630,-480,-2400,-2256,-2168,-307,-218
6635,-480,-2352,-2424,-2095,-269,-187
6640,-424,-2368,-2584,-2065,-219,-137
6645,-456,-2392,-2656,-2075,-145,-95
6650,-512,-2480,-2624,-2106,-52,-67
6655,-568,-2592,-2632,-2123,36,-49
6660,-576,-2728,-2600,-2130,94,-46
6665,-608,-2872,-2600,-2140,121,-52
6670,-544,-2920,-2640,-2156,127,-75
6675,-512,-3016,-2600,-2194,133,-116
6680,-512,-3040,-2616,-2254,144,-168
6685,-536,-3088,-2552,-2330,163,-223
6690,-544,-3112,-2472,-2421,183,-284
6695,-568,-3120,-2320,-2527,201,-359
6700,-584,-3112,-2168,-2642,212,-446
6705,-656,-3056,-1976,-2764,211,-542
6710,-712,-2984,-1864,-2880,191,-640
6715,-784,-2832,-1664,-2989,159,-731
6720,-848,-2656,-1432,-3087,113,-811
6725,-864,-2480,-1200,-3171,54,-878
6730,-808,-2232,-976,-3251,-15,-926
6735,-784,-2040,-704,-3331,-80,-964
6740,-704,-1800,-504,-3418,-134,-990
6745,-680,-1568,-240,-3509,-170,-1009
6750,-640,-1400,8,-3598,-175,-1003
6755,-592,-1248,216,-3674,-157,-960
6760,-528,-1152,472,-3722,-124,-899
6765,-440,-1112,584,-3709,-86,-827
6770,-344,-1024,744,-3619,-44,-756
6775,-240,-968,824,-3466,12,-695
6780,-112,-896,888,-3257,85,-642
6785,-24,-744,920,-2997,166,-594
6790,112,-576,872,-2699,245,-541
6795,240,-440,888,-2382,318,-483
6800,400,-296,856,-2063,382,-425
6805,536,-200,752,-1757,430,-364
6810,744,-80,672,-1492,453,-318
6815,936,8,544,-1286,466,-304
6820,1168,48,592,-1147,494,-314
6825,1352,64,656,-1076,549,-331
6830,1544,32,760,-1065,639,-351
6835,1728,-40,800,-1099,747,-359
6840,1912,-112,992,-1171,869,-367
6845,2016,-208,1128,-1264,1023,-360
6850,2128,-312,1264,-1347,1194,-354
6855,2192,-376,1352,-1383,1361,-358
6860,2232,-496,1320,-1372,1509,-387
6865,2152,-568,1280,-1303,1636,-444
6870,1984,-576,1184,-1193,1737,-531
6875,1672,-544,1096,-1059,1816,-633
6880,1304,-520,1016,-927,1869,-731
6885,928,-424,968,-825,1886,-807
6890,600,-248,992,-788,1887,-851
6895,384,-72,1048,-837,1889,-862
6900,152,184,1160,-968,1885,-842
6905,32,368,1256,-1181,1859,-771
6910,-56,464,1320,-1453,1782,-646
6915,48,488,1128,-1739,1644,-473
6920,208,440,904,-1985,1495,-283
6925,304,376,720,-2121,1367,-104
6930,320,368,608,-2108,1247,70
6935,280,424,672,-1975,1080,263
6940,280,528,752,-1765,831,469
6945,304,576,704,-1538,536,626
6950,416,544,240,-1276,284,703
6955,552,576,-616,-988,145,708
6960,664,744,-1304,-772,99,644
6965,704,1032,-1704,-704,55,569
6970,544,1320,-1664,-803,-35,503
6975,208,1424,-1712,-930,-124,438
6980,-152,1256,-2112,-1003,-154,376
6985,-576,1056,-2480,-1089,-174,274
6990,-1064,784,-2592,-1198,-247,172
6995,-1808,296,-2256,-1243,-356,139
7000,-2488,-280,-1904,-1120,-525,245
7005,-2912,-704,-1872,-861,-786,434
7010,-3272,-1032,-1952,-552,-1165,574
7015,-3472,-1392,-2136,-214,-1633,653
7020,-3592,-1680,-2448,109,-2186,673
7025,-3600,-1872,-2720,363,-2815,652
7030,-3328,-1960,-2984,522,-3451,621
7035,-2808,-1928,-3080,646,-3972,593
7040,-2272,-1744,-3192,791,-4355,553
7045,-1744,-1432,-3208,936,-4609,448
7050,-1400,-1040,-3312,1057,-4775,296
7055,-1192,-648,-3464,1111,-4913,131
7060,-1096,-312,-3496,1091,-5089,-11
7065,-1032,32,-3496,1036,-5306,-112
7070,-976,360,-3536,962,-5543,-167
7075,-856,592,-3608,884,-5768,-171
7080,-760,832,-3504,776,-5964,-140
7085,-760,904,-3456,658,-6164,-78
7090,-888,1104,-3536,563,-6370,45
7095,-1024,1192,-3624,459,-6524,183
7100,-1304,1352,-3640,312,-6600,352
7105,-1696,1456,-3576,127,-6647,559
7110,-2064,1608,-3776,-56,-6696,816
7115,-2440,1992,-4120,-238,-6714,1183
7120,-8936,9088,-25216,-428,-6433,1732
7125,-8128,10400,-12368,-5539,186,5188
7130,9264,2736,7080,-12317,4504,9043
7135,8464,7608,-6144,-6027,1353,7526
7140,4216,15528,-8424,-2970,-1078,6428
7145,2856,5624,-6344,-3679,-1751,6868
7150,-5080,3304,-5816,-3249,-2577,4153
7155,-8088,-176,-7264,-2295,-3170,2948
7160,-8112,184,-10048,-1969,-2623,2989
7165,-6560,-1064,-10672,-2546,-1297,2962
7170,-6096,464,-10216,-3096,-551,2671
7175,-5648,808,-7696,-3847,-702,2669
7180,-6344,1880,-5704,-4348,-1131,3134
7185,-5808,2384,-5432,-4589,-1606,3717
7190,-5192,1312,-4864,-4975,-1902,4059
7195,-5600,1056,-4616,-5934,-2040,4325
7200,-5432,600,-5616,-7425,-2094,4314
7205,-968,4000,-4984,-9113,-2021,3601
7210,896,1432,-4160,-12612,-1381,3943
7215,-936,1872,-3272,-16501,-703,3653
7220,-1488,280,-3992,-19276,-442,3610
7225,-2736,-416,-3592,-21170,-556,3486
7230,-2472,-600,-3800,-21861,-1467,3388
7235,-1928,32,-2184,-21806,-2175,3621
7240,-3560,512,-288,-21879,-2663,4368
7245,-2728,-440,-968,-20899,-2953,4638
7250,-4248,1528,528,-19100,-1495,3532
7255,-2648,3760,-200,-16982,1180,538
7260,-2688,4440,-2968,-17259,3196,-2701
7265,-3088,4232,-2520,-16041,7072,-4469
7270,-2808,4400,-2144,-8443,11547,-4538
7275,-1944,2696,-1384,5105,12962,-3877
7280,888,-3040,-5376,19641,9563,-2975
7285,-264,-6528,-8328,32659,5522,-1938
7290,-2264,-10080,-5152,32767,2692,-233
7295,-992,-9792,-8416,32767,1329,1705
7300,3320,11416,-1304,32767,3373,1650
7305,-3048,18296,-10392,29589,2582,-982
7310,-5216,23808,3152,15307,-236,-3543
7315,-5424,20336,4912,7011,-419,-4209
7320,-2024,13304,-752,1525,-330,-3396
7325,1464,10112,-1568,-3032,-555,-2790
7330,-1560,6032,-1880,-6614,-694,-2255
7335,-1328,3344,-1616,-8808,-458,-1682
7340,-1176,1416,-1064,-9698,-367,-1325
7345,-1192,192,-544,-9468,-517,-1237
7350,-1056,-616,-432,-8253,-489,-1249
7355,-784,-1104,-448,-6433,-266,-1222
7360,-424,-1184,-616,-4447,-45,-1106
7365,-160,-1056,-856,-2617,79,-913
7370,-48,-784,-1016,-1116,150,-724
7375,-40,-440,-1024,-9,149,-587
7380,88,-232,-984,731,51,-488
7385,224,-192,-824,1199,-82,-410
7390,376,-200,-672,1481,-180,-379
7395,464,-280,-488,1617,-231,-383
7400,488,-320,-360,1595,-263,-350
7405,440,-312,-120,1438,-303,-311
7410,424,-232,32,1184,-364,-281
7415,304,-64,64,860,-446,-283
7420,224,96,40,487,-541,-337
7425,96,304,-16,102,-629,-435
7430,-64,472,-128,-269,-690,-527
7435,-248,592,-272,-594,-727,-573
7440,-368,648,-312,-843,-737,-571
7445,-576,736,-352,-992,-722,-531
7450,-704,816,-400,-1029,-701,-458
7455,-840,864,-432,-958,-681,-360
7460,-936,912,-384,-804,-668,-247
7465,-1080,984,-344,-590,-655,-131
7470,-1200,1064,-280,-344,-631,-27
7475,-1448,1192,-200,-85,-601,49
7480,-1552,1240,-256,152,-571,101
7485,-1648,1560,-264,334,-545,128
7490,-1736,1872,-376,432,-525,141
7495,-1856,2200,-608,424,-497,156
7500,-1832,2360,-408,345,-453,179
7505,-1976,2616,-376,228,-431,201
7510,-2008,2696,-504,67,-412,217
7515,-2056,2744,-632,-135,-359,220
7520,-2088,2648,-608,-332,-251,214
7525,-2056,2536,-568,-479,-125,211
7530,-1984,2328,-664,-569,-17,208
7535,-1856,2056,-840,-606,86,190
7540,-1720,1816,-1032,-597,196,148
7545,-1592,1560,-1272,-557,305,80
7550,-1496,1400,-1400,-508,404,-26
7555,-1392,1240,-1472,-465,476,-128
7560,-1280,1088,-1544,-425,521,-236
7565,-1184,976,-1608,-386,547,-337
7570,-1152,856,-1744,-340,562,-429
7575,-1168,760,-1816,-297,582,-504
7580,-1208,696,-1896,-264,607,-565
7585,-1272,608,-1912,-239,626,-602
7590,-1400,608,-1888,-210,638,-610
7595,-1488,560,-1832,-187,644,-587
7600,-1584,552,-1792,-164,642,-543
7605,-1696,536,-1776,-123,640,-477
7610,-1792,536,-1744,-78,636,-394
7615,-1864,576,-1712,-21,629,-296
7620,-1896,600,-1712,45,617,-194
7625,-1912,616,-1680,118,598,-92
7630,-1888,616,-1656,187,572,5
7635,-1856,608,-1680,246,545,93
7640,-1800,632,-1680,293,519,169
7645,-1736,624,-1712,323,495,235
7650,-1584,600,-1712,335,470,287
7655,-1496,608,-1656,329,444,322
7660,-1392,640,-1696,313,413,349
7665,-1312,616,-1656,289,378,360
7670,-1280,688,-1672,256,345,361
7675,-1224,736,-1688,217,320,354
7680,-1160,760,-1728,173,310,339
7685,-1112,808,-1744,138,321,319
7690,-1056,816,-1736,113,353,294
7695,-1024,792,-1704,103,399,264
7700,-960,752,-1688,108,455,231
7705,-928,752,-1688,130,514,190
7710,-920,728,-1688,160,570,151
7715,-912,616,-1736,194,620,119
7720,-864,536,-1720,226,661,92
7725,-912,456,-1784,256,685,76
7730,-920,432,-1800,278,691,70
7735,-936,352,-1824,283,686,75
7740,-976,344,-1840,278,667,84
7745,-1016,328,-1880,258,641,99
7750,-1072,376,-1912,228,604,117
7755,-1104,392,-1904,189,562,136
7760,-1144,448,-1984,141,513,153
7765,-1216,504,-1968,93,462,167
7770,-1264,536,-2008,49,416,186
7775,-1312,528,-2016,16,375,210
7780,-1368,568,-1984,-4,344,237
7785,-1416,576,-1944,-9,315,263
7790,-1456,584,-1944,-3,292,296
7795,-1504,584,-1920,15,268,325
7800,-1512,592,-1928,38,247,350
7805,-1504,568,-1872,62,224,368
7810,-1528,576,-1880,84,198,381
7815,-1512,568,-1920,99,172,386
7820,-1504,576,-1880,109,148,381
7825,-1528,568,-1960,115,128,370
7830,-1448,592,-1888,122,112,356
7835,-1400,600,-1880,135,101,340
7840,-1384,624,-1840,158,89,322
7845,-1368,664,-1824,186,74,303
7850,-1320,696,-1752,220,58,282
7855,-1328,736,-1776,256,42,264
7860,-1264,752,-1728,288,25,248
7865,-1280,840,-1720,322,18,233
7870,-1240,856,-1688,348,11,219
7875,-1256,952,-1656,367,12,207
7880,-1272,928,-1712,376,16,197
7885,-1248,1016,-1680,371,23,188
7890,-1256,1032,-1664,355,34,177
7895,-1272,1024,-1664,332,51,166
7900,-1256,1016,-1632,308,66,156
7905,-1240,992,-1624,286,87,145
7910,-1240,968,-1616,264,105,136
7915,-1264,944,-1616,245,121,128
7920,-1232,880,-1656,226,133,119
7925,-1256,872,-1664,210,140,113
7930,-1184,856,-1648,194,141,109
7935,-1216,792,-1712,183,138,106
7940,-1176,840,-1672,176,131,105
7945,-1168,848,-1672,171,119,104
7950,-1144,848,-1680,165,108,107
7955,-1168,864,-1680,161,94,104
7960,-1160,896,-1680,150,84,101
7965,-1144,888,-1680,137,72,100
7970,-1168,912,-1680,116,64,97
7975,-1152,928,-1680,90,57,92
7980,-1176,944,-1688,60,53,86
7985,-1176,936,-1688,27,51,79
7990,-1168,928,-1720,-3,51,73
7995,-1200,920,-1704,-29,52,66
8000,-1200,888,-1688,-51,52,60
8005,-1208,864,-1744,-68,54,53
8010,-1200,848,-1720,-77,58,47
8015,-1200,824,-1728,-81,60,42
8020,-1208,840,-1728,-83,64,33
8025,-1216,800,-1720,-83,68,25
8030,-1184,792,-1736,-78,74,16
8035,-1184,752,-1736,-72,81,6
8040,-1176,760,-1720,-67,87,-4
8045,-1184,736,-1792,-59,91,-14
8050,-1160,736,-1744,-53,96,-23
8055,-1160,768,-1728,-51,99,-28
8060,-1136,752,-1736,-47,102,-32
8065,-1176,760,-1736,-48,104,-34
8070,-1160,776,-1712,-49,106,-34
8075,-1168,776,-1736,-53,106,-33
8080,-1184,776,-1792,-55,104,-28
8085,-1160,776,-1720,-60,101,-23
8090,-1168,776,-1776,-65,98,-20
8095,-1160,760,-1752,-71,92,-15
8100,-1120,776,-1688,-74,89,-9
8105,-1176,752,-1760,-77,86,-7
8110,-1184,728,-1768,-62,97,-7
8115,-1208,736,-1776,-27,105,-12
8120,-1176,752,-1776,1,105,-14
8125,-1184,752,-1744,13,99,-13
8130,-1176,752,-1760,10,95,-11
8135,-1184,744,-1792,4,91,-11
8140,-1160,744,-1744,-4,90,-10
8145,-1160,736,-1784,-10,88,-10
8150,-1152,736,-1752,-15,84,-12
8155,-1136,712,-1800,-18,79,-12
8160,-1184,752,-1760,-21,71,-9
8165,-1168,760,-1760,-21,65,-10
8170,-1144,728,-1768,-23,57,-8
8175,-1160,744,-1768,-29,54,-6
8180,-1168,744,-1768,-36,49,-4
8185,-1160,752,-1768,-42,48,-1
8190,-1160,720,-1752,-48,45,4
8195,-1168,728,-1776,-53,43,7
8200,-1136,728,-1760,-55,41,10
8205,-1160,760,-1744,-61,40,14
8210,-1144,736,-1744,-65,40,19
8215,-1160,752,-1744,-71,40,25
8220,-1184,744,-1736,-75,41,27
8225,-1152,744,-1744,-76,42,33
8230,-1152,760,-1736,-78,44,35
8235,-1168,752,-1728,-80,45,39
8240,-1152,752,-1736,-79,47,39
8245,-1144,752,-1744,-75,49,40
8250,-1144,760,-1744,-71,51,40
8255,-1160,760,-1728,-65,55,38
8260,-1152,768,-1728,-63,57,38
8265,-1152,744,-1696,-56,58,36
8270,-1144,784,-1720,-49,58,34
8275,-1144,768,-1752,-42,59,33
8280,-1128,752,-1736,-37,59,32
8285,-1160,744,-1736,-30,61,30
8290,-1144,768,-1752,-27,61,28
8295,-1160,768,-1720,-25,63,29
8300,-1120,752,-1744,-21,65,27
8305,-1144,768,-1744,-18,66,26
8310,-1160,752,-1720,-13,67,29
8315,-1120,752,-1752,-12,68,29
8320,-1144,760,-1752,-10,68,28
8325,-1128,752,-1736,-9,70,27
8330,-1128,744,-1728,-7,71,27
8335,-1128,760,-1712,-6,73,25
8340,-1160,768,-1704,-4,75,23
8345,-1136,760,-1752,-1,76,26
8350,-1152,760,-1752,-1,77,23
8355,-1160,760,-1728,3,80,23
8360,-1144,752,-1744,3,79,24
8365,-1136,784,-1712,2,79,22
8370,-1104,736,-1760,3,81,20
8375,-1152,776,-1752,4,80,19
8380,-1112,768,-1744,4,82,18
8385,-1120,752,-1728,5,83,18
8390,-1144,768,-1736,9,83,15
8395,-1128,768,-1776,6,86,13
8400,-1120,752,-1744,5,87,10
8405,-1120,760,-1712,8,90,9
8410,-1128,768,-1760,10,92,7
8415,-1152,736,-1768,13,94,5
8420,-1104,752,-1776,16,97,3
8425,-1184,784,-1720,18,99,2
8430,-1128,768,-1760,22,102,-1
8435,-1128,760,-1760,24,106,-1
8440,-1120,760,-1784,27,108,-3
8445,-1128,752,-1752,30,113,-5
8450,-1112,768,-1768,32,116,-4
8455,-1120,760,-1736,35,120,-3
8460,-1112,768,-1792,37,120,-5
8465,-1120,728,-1760,42,124,-5
8470,-1104,744,-1768,49,126,-5
8475,-1120,752,-1784,56,128,-4
8480,-1128,776,-1712,59,130,-4
8485,-1120,712,-1808,64,133,-4
8490,-1120,736,-1768,68,135,-2
8495,-1120,712,-1784,69,136,3
8500,-1096,720,-1792,77,136,12
8505,-1112,744,-1776,77,135,12
8510,-1096,712,-1784,72,133,16
8515,-1144,736,-1792,67,130,19
8520,-1080,720,-1792,67,128,27
8525,-1128,744,-1832,64,125,29
8530,-1128,736,-1800,58,123,30
8535,-1128,672,-1744,57,121,29
8540,-1120,728,-1816,58,119,36
8545,-1128,776,-1816,56,117,37
8550,-1120,744,-1808,52,117,39
8555,-1152,744,-1816,52,115,40
8560,-1104,728,-1824,53,112,44
8565,-1112,744,-1808,54,110,43
8570,-1088,744,-1800,49,109,40
8575,-1112,744,-1832,48,107,44
8580,-1096,752,-1816,49,106,45
8585,-1096,696,-1816,50,103,48
8590,-1072,792,-1816,51,100,46
8595,-1088,720,-1800,45,98,44
8600,-1080,712,-1816,41,98,40
8605,-1096,752,-1816,36,95,36
8610,-1088,704,-1792,33,94,35
8615,-1088,744,-1808,32,94,33
8620,-1096,752,-1808,31,92,31
8625,-1064,696,-1824,32,91,30
8630,-1072,752,-1808,35,90,32
8635,-1096,728,-1824,34,88,31
8640,-1064,736,-1800,33,87,29
8645,-1072,704,-1808,33,90,30
8650,-1072,744,-1800,30,90,31
8655,-1072,744,-1840,31,89,29
8660,-1088,720,-1800,32,90,28
8665,-1088,720,-1832,33,89,26
8670,-1064,712,-1824,36,89,24
8675,-1112,712,-1800,37,87,24
8680,-1112,720,-1808,36,85,25
8685,-1064,720,-1840,41,82,30
8690,-1064,736,-1840,41,81,30
8695,-1072,712,-1832,37,80,27
8700,-1080,752,-1856,38,78,25
8705,-1064,736,-1840,43,75,28
8710,-1048,704,-1848,41,74,23
8715,-1080,728,-1840,37,75,21
8720,-1080,736,-1848,34,74,19
8725,-1080,712,-1816,33,73,18
8730,-1072,712,-1840,33,71,15
8735,-1072,704,-1856,32,68,15
8740,-1032,696,-1848,35,67,16
8745,-1056,712,-1848,36,65,14
8750,-1040,688,-1848,32,63,10
8755,-1048,720,-1832,30,61,9
8760,-1064,720,-1848,28,59,8
8765,-1048,704,-1864,27,58,8
8770,-1032,696,-1848,26,54,6
8775,-1048,728,-1840,26,54,1
8780,-1024,712,-1840,28,53,-2
8785,-1072,680,-1824,37,49,-16
8790,-1064,680,-1856,39,50,-12
8795,-1080,704,-1848,37,50,-4
8800,-1080,712,-1848,35,48,2
8805,-1056,704,-1864,31,46,5
8810,-1096,672,-1824,27,45,5
8815,-1072,720,-1848,24,43,6
8820,-1064,696,-1864,21,41,8
8825,-1048,720,-1856,16,39,8
8830,-1080,704,-1888,13,39,6
8835,-1080,696,-1840,9,38,6
8840,-1080,688,-1808,8,40,5
8845,-1072,704,-1832,7,38,5
8850,-1048,696,-1856,6,37,4
8855,-1064,688,-1864,6,36,4
8860,-1072,696,-1872,5,36,6
8865,-1064,704,-1864,3,34,6
8870,-1056,696,-1848,2,33,7
8875,-1056,680,-1832,2,32,7
8880,-1064,688,-1864,-1,32,6
8885,-1056,680,-1832,-2,32,7
8890,-1064,672,-1840,-4,33,7
8895,-1040,680,-1808,-5,33,7
8900,-1072,720,-1848,-4,32,6
8905,-1048,672,-1864,-4,32,6
8910,-1040,704,-1864,-5,29,7
8915,-1040,656,-1816,-6,28,10
8920,-1072,712,-1840,-8,26,8
8925,-1048,696,-1848,-6,22,7
8930,-1056,688,-1872,-7,21,7
8935,-1032,688,-1888,-9,19,8
8940,-1040,696,-1896,-9,17,7
8945,-1056,704,-1840,-11,18,6
8950,-1064,680,-1848,-10,19,3
8955,-1048,688,-1816,-12,20,2
8960,-1056,696,-1824,-10,22,1
8965,-1064,680,-1848,-9,25,1
8970,-1024,688,-1792,-7,27,0
8975,-1056,688,-1856,-7,26,1
8980,-1056,696,-1848,-6,28,1
8985,-1064,704,-1856,-5,27,1
8990,-1040,688,-1880,-3,24,1
8995,-1056,664,-1856,-2,23,0
9000,-1048,696,-1848,-3,20,0
9005,-1056,672,-1872,-2,17,1
9010,-1056,648,-1864,0,14,-1
9015,-1064,688,-1856,1,13,0
9020,-1048,656,-1880,3,11,2
9025,-1064,720,-1848,3,10,3
9030,-1080,696,-1864,3,9,6
9035,-1072,680,-1840,5,9,5
9040,-1048,688,-1848,6,11,6
9045,-1056,688,-1864,6,12,9
9050,-1056,680,-1816,5,13,9
9055,-1064,696,-1840,8,16,10
9060,-1056,688,-1856,9,16,12
9065,-1072,680,-1816,12,17,15
9070,-1056,680,-1864,25,13,20
9075,-1040,656,-1872,18,11,16
9080,-1056,712,-1840,11,16,14
9085,-1040,688,-1856,4,21,13
9090,-1032,664,-1856,-2,24,9
9095,-1064,664,-1864,-4,25,8
9100,-1056,696,-1848,-6,24,9
9105,-1072,680,-1848,-4,23,7
9110,-1040,672,-1856,-6,25,5
9115,-1040,672,-1856,-5,25,5
9120,-1064,672,-1864,-5,26,5
9125,-1056,688,-1840,-4,27,6
9130,-1040,656,-1856,-3,30,10
9135,-1048,696,-1768,-4,33,11
9140,-1072,664,-1840,-7,35,14
9145,-1048,680,-1864,-5,36,15
9150,-1048,688,-1856,-9,37,15
9155,-1064,672,-1848,-12,39,16
9160,-1080,680,-1840,-12,42,17
9165,-1040,664,-1856,-12,43,18
9170,-1048,672,-1840,-9,46,21
9175,-1064,688,-1872,-9,46,22
9180,-1064,672,-1840,-9,47,22
9185,-1064,680,-1848,-9,47,26
9190,-1016,688,-1880,-7,46,29
9195,-1040,688,-1880,-8,46,27
9200,-1056,664,-1864,-10,47,27
9205,-1040,656,-1864,-12,47,27
9210,-1032,648,-1864,-12,47,27
9215,-1064,656,-1840,-12,46,29
9220,-1032,672,-1864,-6,46,34
9225,-1048,664,-1864,-7,45,35
9230,-1032,664,-1896,-4,46,38
9235,-1048,696,-1936,-3,46,37
9240,-1032,664,-1896,-3,48,37
9245,-1008,672,-1872,-1,49,36
9250,-1040,648,-1848,6,53,35
9255,-1032,672,-1872,16,55,35
9260,-1024,656,-1848,18,58,32
9265,-1040,632,-1864,25,61,29
9270,-1024,664,-1880,33,64,26
9275,-1024,672,-1848,40,65,28
9280,-1048,696,-1872,46,62,31
9285,-1040,680,-1872,46,59,33
9290,-1048,680,-1864,44,56,33
9295,-1040,672,-1864,40,54,33
9300,-1048,608,-1896,36,53,29
9305,-1056,672,-1888,32,53,29
9310,-1048,672,-1888,29,51,28
9315,-1024,664,-1896,27,49,27
9320,-1032,656,-1880,24,45,25
9325,-1040,656,-1864,21,43,25
9330,-1024,672,-1872,21,41,24
9335,-1056,664,-1888,24,40,25
9340,-1032,696,-1848,25,40,22
9345,-1056,672,-1872,25,38,23
9350,-1040,696,-1904,30,35,28
9355,-968,712,-1944,48,25,18
9360,-1056,600,-1880,69,18,0
9365,-1040,640,-1888,65,16,7
9370,-1040,688,-1928,41,20,12
9375,-1056,672,-1888,17,28,12
9380,-1040,672,-1864,2,33,9
9385,-1048,680,-1920,-2,34,9
9390,-1032,640,-1920,1,33,8
9395,-1032,648,-1872,1,32,10
9400,-1040,664,-1872,1,32,10
9405,-1024,640,-1912,1,33,10
9410,-1024,640,-1888,1,32,10
9415,-1024,632,-1928,-2,29,10
9420,-1024,648,-1896,-5,29,10
9425,-1032,656,-1888,-6,27,11
9430,-1024,656,-1896,-8,25,11
9435,-1024,656,-1928,-12,22,10
9440,-1040,656,-1920,-14,21,10
9445,-1024,648,-1888,-16,19,8
9450,-1056,632,-1880,-20,19,8
9455,-1040,672,-1840,-23,18,7
9460,-1080,672,-1896,-26,17,5
9465,-1048,648,-1864,-30,15,5
9470,-1024,640,-1888,-31,15,4
9475,-1024,664,-1896,-34,14,4
9480,-1040,656,-1872,-35,13,4
9485,-1040,656,-1888,-37,11,2
9490,-1008,640,-1936,-35,9,2
9495,-1048,680,-1888,-37,8,0
9500,-1040,656,-1880,-37,8,-1
9505,-1024,648,-1880,-40,7,0
9510,-1048,656,-1848,-41,5,0
9515,-1032,672,-1880,-43,5,2
9520,-1024,648,-1920,-42,5,1
9525,-1024,624,-1872,-42,5,0
9530,-1024,648,-1872,-44,5,-1
9535,-1032,648,-1912,-45,5,-1
9540,-1032,656,-1888,-45,5,-3
9545,-1032,640,-1872,-48,3,-3
9550,-1024,672,-1896,-48,2,-5
9555,-1024,664,-1888,-48,2,-5
9560,-1024,656,-1856,-46,0,-6
9565,-1040,664,-1904,-46,0,-7
9570,-976,640,-1880,-44,0,-7
9575,-1032,648,-1856,-42,2,-8
9580,-1032,648,-1888,-43,2,-7
9585,-1032,648,-1856,-43,2,-7
9590,-1024,632,-1912,-42,3,-8
9595,-1040,664,-1872,-41,2,-9
9600,-1040,648,-1864,-40,2,-8
9605,-1024,656,-1880,-40,4,-9
9610,-1032,656,-1896,-39,6,-9
9615,-1032,648,-1848,-38,6,-8
9620,-1048,624,-1896,-38,8,-7
9625,-1048,680,-1904,-38,9,-7
9630,-1048,648,-1880,-39,10,-7
9635,-1032,656,-1904,-36,12,-6
9640,-1032,648,-1896,-35,13,-6
9645,-1040,648,-1896,-36,14,-6
9650,-1032,648,-1872,-34,15,-6
9655,-1032,664,-1896,-34,16,-6
9660,-1024,632,-1856,-35,19,-5
9665,-1024,640,-1880,-35,18,-4
9670,-1032,656,-1888,-35,19,-5
9675,-1016,640,-1848,-37,19,-7
9680,-1016,648,-1880,-35,21,-6
9685,-1040,656,-1880,-33,23,-8
9690,-1024,624,-1888,-30,25,-7
9695,-1032,640,-1864,-31,27,-8
9700,-1032,648,-1872,-30,27,-8
9705,-1040,656,-1896,-29,28,-9
9710,-1048,648,-1880,-29,27,-8
9715,-1032,640,-1904,-26,28,-9
9720,-1024,656,-1888,-27,29,-9
9725,-1024,624,-1864,-25,30,-9
9730,-1056,680,-1896,-26,32,-10
9735,-1024,608,-1880,-23,36,-9
9740,-1040,632,-1872,-24,39,-6
9745,-1056,640,-1888,-23,42,-4
9750,-1048,656,-1880,-23,44,-2
9755,-1032,648,-1912,-24,43,1
9760,-1032,656,-1872,-25,45,4
9765,-1024,632,-1912,-22,45,4
9770,-1032,640,-1896,-23,45,6
9775,-1040,656,-1896,-20,44,8
9780,-1032,648,-1840,-20,44,9
9785,-1016,624,-1864,-18,42,11
9790,-1064,680,-1904,-17,42,11
9795,-1040,608,-1888,-17,41,13
9800,-1024,648,-1912,-16,42,15
9805,-1032,640,-1912,-17,41,15
9810,-1032,648,-1912,-15,39,16
9815,-1024,648,-1888,-15,39,17
9820,-1024,624,-1920,-16,37,17
9825,-1032,656,-1888,-16,34,17
9830,-1032,640,-1912,-14,33,16
9835,-1016,632,-1864,-15,32,14
9840,-1024,648,-1944,-16,30,14
9845,-992,632,-1896,-16,29,18
9850,-1024,632,-1888,-11,25,20
9855,-1016,616,-1880,-17,22,18
9860,-1056,672,-1880,-19,22,17
9865,-1024,656,-1912,-18,19,17
9870,-1024,640,-1904,-17,19,20
9875,-1016,640,-1912,-19,20,15
9880,-1024,616,-1912,-22,21,12
9885,-1032,640,-1872,-26,24,9
9890,-1032,640,-1872,-24,28,10
9895,-1024,648,-1880,-26,29,9
9900,-1016,632,-1888,-23,31,9
9905,-1016,640,-1904,-22,33,9
9910,-1016,624,-1880,-23,34,8
9915,-1032,640,-1896,-22,33,9
9920,-1040,640,-1912,-21,34,8
9925,-1032,640,-1872,-20,32,10
9930,-1024,640,-1888,-17,29,10
9935,-1016,648,-1920,-14,25,13
9940,-1024,648,-1896,-9,20,13
9945,-1064,664,-1912,-5,17,12
9950,-1040,640,-1864,-5,16,9
9955,-1032,632,-1880,-5,14,11
9960,-1016,624,-1856,0,14,12
9965,-1024,624,-1896,1,14,13
9970,-1024,632,-1880,2,12,14
9975,-1024,624,-1904,3,11,12
9980,-1016,608,-1888,8,11,9
9985,-984,584,-1904,15,12,8
9990,-1016,576,-1928,27,13,5
9995,-1008,528,-1904,47,16,0
10000,-1024,568,-1904,79,21,-5
10005,-1024,616,-1928,100,20,0
10010,-1032,664,-1888,105,13,7
10015,-1040,696,-1904,100,9,14
10020,-1024,664,-1904,80,3,17
10025,-1048,680,-1928,58,5,17
10030,-1032,672,-1904,39,8,14
10035,-1024,672,-1896,23,9,11
10040,-1040,632,-1944,10,10,10
10045,-1000,640,-1912,4,10,7
10050,-1024,624,-1944,1,10,6
10055,-1024,656,-1888,0,9,3
10060,-992,640,-1896,-1,10,2
10065,-1024,616,-1936,-1,11,1
10070,-1032,624,-1896,-1,11,0
10075,-1032,624,-1920,-4,12,1
10080,-1016,608,-1920,-7,13,1
10085,-1032,624,-1912,-10,11,0
10090,-1032,624,-1904,-12,9,2
10095,-1056,648,-1920,-13,8,0
10100,-1032,616,-1920,-14,6,1
10105,-1032,616,-1936,-14,7,2
10110,-1024,608,-1896,-15,6,2
10115,-1032,640,-1904,-13,5,2
10120,-1024,616,-1888,-12,3,2
10125,-1024,624,-1896,-11,2,3
10130,-1056,616,-1880,-4,2,10
10135,-1016,608,-1920,17,-3,19
10140,-1000,600,-1944,16,-9,14
10145,-1040,616,-1912,2,-5,9
10150,-1016,592,-1952,-4,0,10
10155,-1000,616,-1920,-8,6,9
10160,-1032,608,-1920,-15,9,6
10165,-1032,632,-1920,-19,9,5
10170,-1024,616,-1904,-22,10,4
10175,-1040,624,-1912,-23,10,3
10180,-1032,600,-1904,-26,10,1
10185,-1024,616,-1912,-25,8,0
10190,-1032,616,-1888,-27,7,0
10195,-1024,608,-1920,-27,7,-2
10200,-1024,616,-1888,-29,9,-3
10205,-1024,584,-1952,-28,7,-4
10210,-1032,624,-1896,-30,7,-4
10215,-1016,608,-1920,-29,6,-3
10220,-1024,616,-1896,-29,5,-4
10225,-1048,624,-1960,-31,6,-5
10230,-1032,624,-1896,-30,6,-5
10235,-1040,624,-1912,-32,7,-6
10240,-1024,608,-1920,-33,8,-6
10245,-1032,600,-1896,-35,10,-6
10250,-1032,616,-1872,-35,11,-6
10255,-1024,608,-1904,-35,11,-6
10260,-1040,608,-1920,-34,11,-8
10265,-1024,592,-1912,-34,12,-7
10270,-1024,632,-1912,-34,12,-9
10275,-1040,624,-1888,-36,12,-10
10280,-1048,616,-1944,-37,9,-10
10285,-1024,616,-1912,-35,7,-11
10290,-1032,616,-1888,-35,7,-10
10295,-1040,624,-1912,-36,6,-10
10300,-1016,624,-1856,-33,4,-10
10305,-1032,616,-1904,-31,1,-9
10310,-1040,616,-1928,-30,0,-7
10315,-1056,616,-1864,-26,0,-7
10320,-1032,608,-1944,-22,2,-3
10325,-1056,616,-1920,-20,8,-1
10330,-1048,624,-1912,-16,13,1
10335,-1064,648,-1872,-15,19,3
10340,-1064,632,-1896,-13,24,6
10345,-1040,616,-1920,-10,31,8
10350,-1040,600,-1872,-7,36,11
10355,-1016,616,-1904,-8,39,10
10360,-1016,616,-1912,-8,41,12
10365,-1008,592,-1944,-11,42,10
10370,-1024,616,-1872,-13,41,8
10375,-1016,608,-1872,-13,41,9
10380,-1008,600,-1928,-11,41,10
10385,-1016,616,-1904,-13,40,8
10390,-1024,608,-1880,-16,39,6
10395,-1024,592,-1904,-20,38,3
10400,-1040,616,-1944,-21,39,3
10405,-1024,600,-1920,-23,41,3
10410,-1008,608,-1912,-26,41,2
10415,-1024,600,-1912,-28,41,1
10420,-1024,624,-1904,-28,43,1
10425,-1024,616,-1912,-28,40,1
10430,-1016,624,-1928,-31,40,-1
10435,-1016,600,-1912,-32,40,0
10440,-1000,624,-1976,-32,39,-2
10445,-1024,616,-1888,-32,38,-2
10450,-1024,592,-1920,-31,38,-3
10455,-1016,600,-1896,-31,39,-3
10460,-1032,624,-1896,-31,41,-5
10465,-1024,592,-1920,-33,41,-5
10470,-1024,592,-1896,-35,43,-7
10475,-1032,608,-1944,-35,45,-7
10480,-1032,600,-1928,-34,46,-6
10485,-1040,624,-1912,-37,46,-6
10490,-1008,576,-1920,-38,48,-5
10495,-1024,592,-1944,-37,47,-5
10500,-1024,616,-1872,-37,47,-3
10505,-1024,608,-1920,-37,45,-3
10510,-1008,616,-1912,-38,43,-3
10515,-1016,600,-1904,-37,40,-4
10520,-1016,608,-1928,-37,39,-3
10525,-1024,608,-1928,-39,39,-2
10530,-1024,608,-1880,-36,37,1
10535,-1024,600,-1960,-36,37,0
10540,-1008,576,-1904,-37,37,-2
10545,-1024,584,-1920,-38,36,-1
10550,-1032,632,-1920,-37,36,1
10555,-1024,608,-1928,-37,36,1
10560,-1032,608,-1936,-39,35,2
10565,-1024,624,-1928,-37,33,1
10570,-1032,624,-1936,-35,34,1
10575,-1008,600,-1944,-35,33,1
10580,-1032,608,-1928,-35,31,0
10585,-1008,584,-1880,-34,29,-1
10590,-1008,616,-1872,-32,30,-3
10595,-1016,584,-1888,-33,29,-4
10600,-1024,592,-1920,-32,30,-3
10605,-1032,592,-1968,-33,28,-5
10610,-1024,592,-1920,-34,28,-4
10615,-1024,608,-1920,-33,29,-3
10620,-1024,608,-1872,-33,30,-5
10625,-1016,608,-1904,-32,30,-4
10630,-1032,624,-1888,-33,30,-4
10635,-1032,608,-1936,-33,32,-4
10640,-1016,632,-1904,-33,31,-5
10645,-1016,624,-1888,-33,31,-4
10650,-1016,592,-1904,-32,31,-4
10655,-1000,608,-1904,-31,31,-5
10660,-984,568,-1872,-32,31,-6
10665,-1008,600,-1952,-32,32,-5
10670,-1016,608,-1904,-31,33,-5
10675,-1016,616,-1912,-31,31,-6
10680,-1016,600,-1944,-32,31,-7
10685,-1032,616,-1928,-30,31,-8
10690,-1024,608,-1920,-29,30,-9
10695,-1024,592,-1936,-30,31,-8
10700,-1008,624,-1896,-29,32,-9
10705,-1016,600,-1928,-28,31,-8
10710,-1008,600,-1912,-31,31,-8
10715,-1032,592,-1912,-31,31,-7
10720,-1000,600,-1920,-33,30,-7
10725,-1016,576,-1912,-34,29,-7
10730,-1008,592,-1904,-34,30,-7
10735,-1016,584,-1928,-35,33,-5
10740,-1016,584,-1936,-36,31,-6
10745,-1008,600,-1904,-36,30,-5
10750,-1008,576,-1888,-37,30,-6
10755,-1024,592,-1920,-37,31,-5
10760,-1008,600,-1888,-36,33,-5
10765,-1008,584,-1920,-34,33,-5
10770,-976,560,-1888,-35,35,-6
10775,-1024,584,-1936,-34,39,-6
10780,-1016,584,-1936,-34,39,-6
10785,-1008,608,-1928,-33,40,-5
10790,-992,568,-1968,-32,39,-5
10795,-992,600,-1968,-30,39,-6
10800,-1024,600,-1904,-28,39,-6
10805,-1024,608,-1896,-26,39,-7
10810,-1016,592,-1944,-24,38,-7
10815,-1024,584,-1944,-24,38,-7
10820,-1032,608,-1920,-24,40,-8
10825,-1056,592,-1976,-23,41,-8
10830,-1024,608,-1912,-24,42,-7
10835,-1016,592,-1912,-23,43,-7
10840,-1024,600,-1904,-22,41,-6
10845,-1008,592,-1936,-19,43,-5
10850,-1032,592,-1896,-20,43,-6
10855,-1024,608,-1912,-22,43,-4
10860,-1032,616,-1928,-24,41,-2
10865,-1008,584,-1928,-23,41,-2
10870,-1016,600,-1944,-24,40,-1
10875,-1000,584,-1928,-28,39,-1
10880,-1016,592,-1952,-28,39,-2
10885,-1016,600,-1936,-28,37,0
10890,-1016,584,-1936,-28,37,-1
10895,-1024,608,-1936,-30,37,-1
10900,-1008,584,-1912,-31,36,-2
10905,-1008,592,-1936,-31,34,-2
10910,-1016,600,-1936,-32,34,-2
10915,-1016,608,-1936,-33,34,-1
10920,-1000,576,-1896,-35,30,0
10925,-1016,624,-1936,-34,30,-2
10930,-1000,640,-1928,-34,29,-3
10935,-1000,592,-1936,-35,28,-3
10940,-1024,600,-1928,-35,28,-3
10945,-1000,568,-1936,-35,28,-3
10950,-1016,584,-1952,-36,26,-4
10955,-1000,576,-1936,-36,27,-3
10960,-1008,616,-1912,-37,27,-4
10965,-1008,608,-1928,-37,27,-5
10970,-1008,584,-1896,-37,27,-5
10975,-1008,576,-1952,-35,25,-6
10980,-1008,600,-1912,-34,22,-7
10985,-952,560,-1920,-32,19,-6
10990,-1016,608,-1928,-33,19,-6
10995,-1000,600,-1936,-32,18,-9
11000,-1000,584,-1928,-31,17,-11
11005,-992,592,-1944,-31,16,-10
11010,-1008,568,-1920,-32,18,-9
11015,-1024,576,-1936,-34,20,-9
11020,-1008,584,-1904,-34,22,-8
11025,-1016,568,-1952,-35,23,-8
11030,-1000,592,-1928,-36,25,-8
11035,-944,688,-1912,-35,25,-9
11040,-992,496,-1888,-25,25,-19
11045,-1000,576,-1920,-23,24,-14
11050,-1008,600,-1944,-27,25,-9
11055,-1000,608,-1920,-33,28,-9
11060,-1000,592,-1928,-31,28,-10
11065,-1024,608,-1952,-31,28,-7
11070,-1000,576,-1920,-28,27,-7
11075,-1024,608,-1928,-27,28,-8
11080,-992,592,-1920,-26,29,-8
11085,-1016,568,-1936,-27,30,-8
11090,-1008,584,-1936,-27,31,-8
11095,-1032,600,-1896,-30,30,-7
11100,-1008,568,-1920,-30,29,-7
11105,-1016,576,-1920,-33,29,-4
11110,-1008,584,-1936,-34,29,-3
11115,-1008,592,-1944,-35,27,-2
11120,-1000,584,-1944,-37,25,-1
11125,-1008,576,-1920,-38,23,-1
11130,-1016,560,-1952,-40,24,-2
11135,-1016,616,-1912,-42,23,-2
11140,-1000,584,-1952,-43,22,-1
11145,-1008,568,-1936,-45,23,-1
11150,-1008,632,-1936,-45,22,-1
11155,-1024,592,-1952,-44,22,0
11160,-984,568,-1920,-45,21,-1
11165,-1008,576,-1952,-45,17,0
11170,-1000,584,-1936,-48,16,-1
11175,-1000,600,-1936,-48,17,0
11180,-992,600,-1952,-49,16,0
11185,-1000,608,-1944,-47,15,1
11190,-1008,576,-1936,-49,16,1
11195,-1008,584,-1928,-47,19,1
11200,-992,608,-1912,-46,19,-1
11205,-984,600,-1912,-45,21,-2
11210,-1008,560,-1920,-44,24,-2
11215,-1016,576,-1928,-42,26,-2
11220,-1024,608,-1904,-41,27,-4
11225,-992,568,-1944,-38,30,-4
11230,-1008,592,-1912,-38,29,-5
11235,-1016,592,-1936,-36,30,-6
11240,-992,600,-1880,-33,32,-7
11245,-992,560,-1936,-31,34,-7
11250,-1016,592,-1904,-29,37,-6
11255,-992,584,-1936,-29,41,-7
11260,-1024,624,-1896,-27,45,-6
11265,-992,576,-1920,-24,49,-7
11270,-1016,584,-1936,-24,52,-6
11275,-984,568,-1896,-23,55,-5
11280,-1008,584,-1920,-23,56,-3
11285,-1008,592,-1912,-20,56,-1
11290,-1000,576,-1896,-17,55,-2
11295,-1000,584,-1960,-12,57,0
11300,-1000,592,-1912,-9,57,2
11305,-1008,576,-1944,-10,58,2
11310,-1008,568,-1952,-9,60,3
11315,-992,560,-1936,-7,62,7
11320,-1016,584,-1944,-7,60,6
11325,-992,600,-1952,-6,60,8
11330,-1016,584,-1936,-1,57,12
11335,-952,576,-1968,2,54,13
11340,-1008,552,-1968,-2,53,12
11345,-1024,576,-1928,2,50,15
11350,-968,560,-1968,12,46,19
11355,-1000,576,-1976,3,44,14
11360,-992,576,-1992,1,43,18
11365,-992,568,-1968,-4,44,17
11370,-1024,520,-1952,-13,44,15
11375,-1008,568,-1992,-18,42,14
11380,-1000,552,-1944,-19,41,17
11385,-1008,584,-1968,-19,40,19
11390,-1008,584,-1968,-22,40,20
11395,-1008,576,-1944,-22,39,21
11400,-992,584,-1968,-24,38,21
11405,-1000,568,-1944,-27,38,19
11410,-1000,576,-1992,-30,37,17
11415,-992,600,-1992,-33,35,16
11420,-1032,576,-1928,-34,36,15
11425,-984,552,-1936,-35,35,14
11430,-976,584,-1928,-35,33,13
11435,-984,584,-1960,-35,30,11
11440,-992,568,-1960,-35,31,12
11445,-984,584,-1920,-36,31,12
11450,-984,576,-1936,-35,30,11
11455,-960,552,-1952,-33,31,11
11460,-1000,608,-1936,-32,31,11
11465,-992,560,-1952,-34,31,9
11470,-968,544,-1960,-33,27,8
11475,-952,568,-1920,-35,29,8
11480,-992,576,-1960,-33,30,9
11485,-984,576,-1936,-31,29,8
11490,-976,576,-1928,-32,29,6
11495,-992,576,-1952,-31,28,7
11500,-984,600,-1928,-33,27,4
11505,-1000,576,-1952,-35,28,2
11510,-960,576,-1936,-36,26,2
11515,-968,568,-1960,-33,26,0
11520,-960,576,-1944,-32,25,-1
11525,-1000,592,-1968,-32,24,0
11530,-1000,512,-1888,-33,22,-3
11535,-992,552,-1960,-32,23,-5
11540,-984,552,-1952,-31,24,-6
11545,-992,592,-1952,-29,25,-6
11550,-992,584,-1952,-29,24,-8
11555,-984,560,-1936,-28,24,-8
11560,-984,576,-1968,-27,24,-10
11565,-1000,584,-1960,-26,25,-11
11570,-952,576,-1928,-25,25,-14
11575,-976,576,-1960,-26,25,-15
11580,-976,592,-1944,-24,25,-13
11585,-984,584,-1944,-25,24,-13
11590,-992,536,-1944,-24,23,-15
11595,-984,568,-1936,-25,25,-13
11600,-992,592,-1936,-24,26,-13
11605,-1000,592,-1968,-22,26,-13
11610,-984,584,-1976,-22,28,-13
11615,-992,584,-1952,-25,29,-12
11620,-960,528,-1936,-26,28,-12
11625,-1008,552,-1960,-26,29,-10
11630,-992,576,-1968,-29,31,-8
11635,-1000,544,-1952,-31,29,-7
11640,-1048,544,-1944,-31,27,-6
11645,-984,568,-1944,-34,27,-5
11650,-984,552,-1936,-34,26,-3
11655,-1008,568,-1952,-36,25,-4
11660,-992,560,-1944,-34,24,-3
11665,-992,552,-1928,-34,25,-1
11670,-1000,592,-1936,-36,27,-2
11675,-992,568,-1920,-36,28,-1
11680,-976,568,-1968,-37,27,0
11685,-976,568,-1976,-36,27,1
11690,-984,560,-1976,-37,27,2
11695,-960,568,-1944,-37,27,4
11700,-992,576,-1960,-36,25,5
11705,-968,744,-1944,-30,21,-8
11710,-1024,488,-1952,6,16,-32
11715,-984,512,-1952,10,13,-14
11720,-992,552,-1976,-15,18,1
11725,-992,552,-1960,-34,24,6
11730,-1000,568,-1984,-44,25,10
11735,-1000,584,-1960,-45,24,13
11740,-992,584,-1992,-45,23,16
11745,-1008,568,-1952,-46,24,17
11750,-1000,568,-1944,-48,26,20
11755,-976,576,-1968,-48,26,21
11760,-984,552,-1976,-48,27,23
11765,-984,544,-1952,-48,27,24
11770,-976,552,-1936,-47,28,24
11775,-968,568,-1952,-47,28,23
11780,-968,568,-1944,-47,27,22
11785,-968,584,-1928,-44,27,21
11790,-968,552,-1976,-42,26,19
11795,-976,560,-1968,-41,24,16
11800,-976,576,-1960,-38,22,15
11805,-976,600,-1944,-36,21,15
11810,-968,576,-1936,-35,20,16
11815,-992,600,-1952,-32,21,16
11820,-944,568,-1960,-34,22,16
11825,-960,576,-1944,-31,26,14
11830,-976,568,-1968,-30,29,12
11835,-968,568,-1952,-28,31,12
11840,-1000,560,-1912,-28,34,11
11845,-984,600,-1976,-26,38,11
11850,-976,576,-1936,-25,40,11
11855,-1016,568,-1936,-21,43,11
11860,-968,600,-1976,-16,43,16
11865,-968,576,-1960,-16,42,14
11870,-992,544,-1952,-15,42,9
11875,-1000,568,-1952,-12,43,9
11880,-992,568,-1976,-14,44,6
11885,-984,544,-1944,-12,45,6
11890,-984,552,-1960,-9,46,4
11895,-960,552,-1968,-8,45,5
11900,-960,552,-1944,-8,45,5
11905,-984,560,-1952,-5,43,5
11910,-960,536,-1976,-2,44,3
11915,-992,536,-1976,2,44,3
11920,-968,536,-1968,10,43,4
11925,-960,504,-1960,24,47,2
11930,-960,488,-1968,43,54,1
11935,-952,496,-1960,73,62,5
11940,-976,520,-1960,99,66,17
11945,-992,568,-1984,110,62,34
11950,-1008,616,-2024,98,52,46
11955,-960,632,-1992,69,43,51
11960,-984,608,-1984,38,41,47
11965,-1000,600,-2000,16,44,39
11970,-976,592,-1992,0,46,35
11975,-976,576,-1952,-7,48,33
11980,-952,568,-1968,-12,49,30
11985,-960,584,-1936,-13,48,27
11990,-936,544,-1960,-13,49,24
11995,-952,552,-1984,-13,47,21
12000,-968,576,-1968,-15,45,18
12005,-984,592,-1960,-17,44,16
12010,-960,560,-1976,-18,40,16
12015,-968,576,-1984,-19,37,14
12020,-968,560,-1944,-21,36,11
12025,-960,552,-1960,-19,34,9
12030,-968,552,-1968,-18,35,8
12035,-976,560,-1952,-15,40,8
12040,-968,544,-1976,-13,45,6
12045,-960,528,-1968,-7,48,6
12050,-952,544,-1976,-2,50,6
12055,-968,528,-1968,1,54,4
12060,-960,544,-1936,5,55,4
12065,-960,544,-1992,9,54,4
12070,-944,552,-1928,12,54,5
12075,-992,560,-1984,12,52,5
12080,-952,528,-2000,13,51,6
12085,-952,568,-1992,14,51,8
12090,-968,536,-1984,10,50,5
12095,-976,552,-1984,6,50,8
12100,-976,552,-2000,4,48,8
12105,-976,552,-2008,0,49,7
12110,-952,552,-1976,-2,48,8
12115,-960,528,-1976,-3,46,7
12120,-944,560,-1992,-2,45,8
12125,-992,600,-1984,-2,43,9
12130,-952,544,-1984,-5,43,8
12135,-968,544,-1976,-8,41,6
12140,-928,528,-2000,-9,39,7
12145,-952,544,-1960,-12,37,5
12150,-968,544,-1968,-15,35,7
12155,-960,528,-1984,-17,34,7
12160,-968,536,-2024,-21,35,8
12165,-952,520,-2024,-23,30,10
12170,-952,552,-1992,-26,31,8
12175,-952,536,-1968,-28,30,7
12180,-952,544,-2000,-31,30,7
12185,-936,536,-2008,-33,29,7
12190,-1000,568,-1960,-35,27,8
12195,-944,520,-2008,-37,27,9
12200,-944,544,-1992,-36,24,9
12205,-960,544,-2000,-36,24,11
12210,-944,552,-1984,-37,22,8
12215,-952,544,-1992,-38,23,5
12220,-984,544,-2016,-38,23,3
12225,-960,544,-1984,-39,22,4
12230,-968,544,-1960,-38,22,4
12235,-912,528,-2000,-39,23,4
12240,-936,552,-1968,-39,23,4
12245,-952,528,-2000,-36,25,4
12250,-952,544,-1992,-35,24,4
12255,-952,552,-2000,-36,23,2
12260,-952,544,-1976,-37,22,2
12265,-952,536,-1984,-39,22,3
12270,-952,544,-1960,-40,20,2
12275,-944,552,-1968,-41,20,2
12280,-968,544,-1968,-40,20,1
12285,-968,576,-1976,-39,20,0
12290,-928,544,-1920,-39,20,0
12295,-952,512,-2032,-38,19,1
12300,-952,536,-1984,-37,18,3
12305,-960,552,-1968,-37,18,0
12310,-968,560,-1968,-38,20,0
12315,-960,544,-1992,-36,20,-1
12320,-952,536,-1984,-36,20,-1
12325,-936,536,-2000,-35,21,-2
12330,-928,552,-2008,-37,22,-3
12335,-968,536,-1984,-36,23,-3
12340,-936,520,-1992,-37,23,-3
12345,-952,552,-1984,-35,24,-2
12350,-944,512,-1976,-36,24,-1
12355,-936,552,-1968,-35,25,-2
12360,-944,552,-1952,-35,26,-1
12365,-944,544,-1968,-35,26,-2
12370,-952,552,-1976,-35,26,-1
12375,-952,560,-1960,-35,29,-1
12380,-952,544,-1984,-35,29,-1
12385,-960,544,-2000,-36,30,1
12390,-936,544,-1968,-34,30,1
12395,-920,536,-1984,-35,30,-1
12400,-944,536,-1992,-36,30,-1
12405,-992,520,-2008,-36,29,0
12410,-960,536,-2000,-36,30,1
12415,-952,552,-1960,-37,29,3
12420,-944,552,-1984,-38,29,2
12425,-944,544,-1984,-36,30,0
12430,-952,520,-1992,-35,28,1
12435,-952,544,-1968,-35,29,2
12440,-936,544,-1968,-35,30,3
12445,-920,552,-1984,-33,30,4
12450,-976,520,-1968,-33,31,5
12455,-984,584,-1992,-35,35,6
12460,-968,552,-1992,-33,35,5
12465,-928,512,-1976,-33,36,5
12470,-936,512,-1992,-35,37,6
12475,-944,536,-2016,-34,35,7
12480,-960,536,-1984,-32,34,8
12485,-928,544,-2016,-34,33,7
12490,-912,560,-1976,-34,32,7
12495,-944,512,-1968,-35,31,6
12500,-944,552,-1960,-36,29,5
12505,-960,536,-2008,-36,28,5
12510,-936,560,-1952,-37,27,6
12515,-936,552,-1984,-39,27,7
12520,-936,552,-1984,-39,25,9
12525,-944,560,-1992,-37,23,11
12530,-960,544,-1984,-39,23,10
12535,-904,512,-1992,-39,24,7
12540,-952,536,-1984,-40,25,5
12545,-928,528,-1992,-41,25,4
12550,-944,536,-2008,-40,24,4
12555,-944,568,-1960,-39,22,4
12560,-912,520,-2032,-40,22,1
12565,-952,560,-2000,-40,23,3
12570,-920,536,-1992,-40,22,1
12575,-952,552,-2008,-40,22,0
12580,-928,528,-2024,-39,21,0
12585,-920,528,-1968,-39,20,0
12590,-944,544,-2000,-40,20,1
12595,-928,528,-2000,-40,20,-1
12600,-952,536,-2008,-40,20,0
12605,-944,528,-2000,-38,19,-1
12610,-944,520,-2024,-40,18,-2
12615,-976,552,-2024,-41,18,0
12620,-960,560,-2016,-42,19,0
12625,-952,544,-2000,-42,19,0
12630,-936,536,-1992,-41,17,1
12635,-936,536,-1976,-42,16,0
12640,-936,536,-2000,-42,15,1
12645,-944,544,-1976,-43,16,0
12650,-968,536,-1984,-42,14,-1
12655,-944,544,-1976,-40,13,4
12660,-944,544,-1984,-43,13,2
12665,-952,568,-1976,-43,15,0
12670,-944,544,-1984,-41,15,0
12675,-1000,536,-1992,-42,16,-2
12680,-960,560,-1960,-43,15,-2
12685,-944,552,-2016,-45,16,-3
12690,-928,536,-1976,-45,18,-2
12695,-952,528,-1984,-42,17,-2
12700,-944,544,-1984,-44,18,-3
12705,-960,552,-2008,-45,18,-2
12710,-936,552,-1976,-44,17,-3
12715,-952,536,-2024,-45,18,-1
12720,-968,552,-1976,-46,17,-1
12725,-920,536,-2016,-43,17,-1
12730,-928,608,-2000,-42,18,-2
12735,-936,528,-1992,-42,19,-2
12740,-920,528,-2000,-42,19,-1
12745,-944,560,-1968,-42,19,-2
12750,-928,536,-2016,-42,21,-1
12755,-936,544,-1992,-41,20,0
12760,-944,544,-1984,-39,20,0
12765,-936,536,-1976,-39,25,-2
12770,-920,528,-1992,-36,27,-1
12775,-920,520,-1952,-36,28,-2
12780,-944,560,-1952,-35,31,-1
12785,-960,560,-2024,-35,34,0
12790,-960,536,-2000,-33,34,0
12795,-944,536,-1984,-35,34,-1
12800,-928,544,-2008,-33,34,-1
12805,-936,528,-2000,-30,31,-1
12810,-952,544,-2032,-33,28,-2
12815,-952,544,-2016,-34,23,2
12820,-920,552,-1992,-36,22,1
12825,-960,560,-1984,-38,20,1
12830,-960,544,-2008,-40,18,3
12835,-952,552,-1984,-43,17,5
12840,-1000,512,-1968,-45,15,5
12845,-936,536,-1984,-46,16,6
12850,-928,528,-1984,-49,16,7
12855,-920,544,-1976,-50,15,8
12860,-944,528,-1992,-52,14,8
12865,-928,528,-1992,-52,13,7
12870,-936,544,-1968,-50,10,10
12875,-920,536,-2000,-51,6,11
12880,-920,528,-2016,-56,5,6
12885,-928,536,-1968,-56,2,4
12890,-952,552,-2000,-53,1,3
12895,-944,584,-1984,-52,-1,1
12900,-944,536,-1984,-51,-1,0
12905,-960,544,-1992,-49,-1,0
12910,-936,520,-1992,-49,2,-2
12915,-952,528,-1984,-48,2,-2
12920,-936,520,-1984,-48,4,-3
12925,-920,512,-2000,-47,6,-3
12930,-944,544,-2000,-45,6,-3
12935,-960,560,-1976,-48,8,-2
12940,-928,536,-1984,-48,8,-3
12945,-960,552,-2000,-47,9,-2
12950,-936,512,-1992,-45,10,-3
12955,-952,520,-1976,-45,10,-2
12960,-968,536,-1968,-45,13,-4
12965,-928,520,-1976,-45,12,-3
12970,-936,544,-1984,-44,14,-2
12975,-936,528,-1968,-44,15,-2
12980,-952,536,-1984,-42,14,-2
12985,-944,520,-1992,-42,17,-3
12990,-928,544,-1960,-42,19,-2
12995,-936,528,-1984,-42,18,-4
13000,-944,536,-2008,-41,18,-2
13005,-944,552,-1992,-42,21,-2
13010,-960,528,-1984,-41,22,-2
13015,-944,544,-2000,-41,23,-3
13020,-928,544,-1976,-43,23,-2
13025,-944,552,-2032,-40,23,-2
13030,-936,544,-2008,-41,24,-1
13035,-936,536,-1984,-42,25,-2
13040,-912,544,-1992,-42,26,-1
13045,-928,528,-2000,-42,26,1
13050,-920,520,-2000,-43,25,1
13055,-944,584,-2008,-43,23,1
13060,-952,544,-2008,-44,23,3
13065,-944,544,-1992,-47,22,3
13070,-936,536,-2008,-48,23,3
13075,-928,528,-1976,-49,21,3
13080,-952,552,-1984,-51,21,3
13085,-928,536,-2000,-51,20,4
13090,-960,520,-2000,-51,18,4
13095,-952,536,-1976,-51,19,5
13100,-920,552,-1984,-51,17,4
13105,-928,528,-1992,-51,17,5
13110,-936,608,-1928,-52,17,4
13115,-928,528,-1984,-53,17,5
13120,-920,552,-2008,-53,16,6
13125,-952,560,-2000,-54,15,6
13130,-944,536,-2008,-53,14,7
13135,-936,560,-2008,-51,11,10
13140,-928,536,-2000,-53,13,9
13145,-928,552,-2008,-55,14,7
13150,-952,528,-1960,-52,16,4
13155,-936,528,-1984,-51,15,1
13160,-944,560,-2016,-49,15,1
13165,-936,592,-1976,-48,16,1
13170,-960,528,-1968,-48,17,1
13175,-952,552,-1976,-44,18,0
13180,-944,552,-1992,-46,18,-1
13185,-936,528,-1952,-43,19,-1
13190,-952,536,-1992,-44,21,1
13195,-960,520,-1984,-43,24,0
13200,-928,560,-1992,-44,24,0
13205,-928,552,-1992,-42,25,0
13210,-944,536,-2008,-41,23,-1
13215,-920,536,-1984,-41,24,-1
13220,-920,552,-1960,-40,25,-2
13225,-912,536,-1984,-38,25,-2
13230,-952,552,-1984,-40,25,-3
13235,-936,552,-1992,-38,24,-2
13240,-952,528,-2024,-39,24,-2
13245,-952,544,-2008,-40,25,-2
13250,-936,528,-2000,-40,26,-2
13255,-928,536,-1992,-39,25,-2
13260,-920,520,-1992,-40,24,-1
13265,-952,552,-2016,-42,25,0
13270,-952,552,-2016,-43,25,0
13275,-920,520,-2008,-43,23,-1
13280,-912,520,-1992,-46,22,-1
13285,-928,536,-1968,-45,21,1
13290,-944,552,-1968,-46,20,1
13295,-976,584,-2032,-46,18,0
13300,-928,536,-2000,-40,16,4
13305,-920,520,-1976,-42,16,2
13310,-936,528,-2016,-43,14,-1
13315,-952,544,-1992,-45,13,-1
13320,-920,544,-1984,-45,13,1
13325,-912,520,-1952,-46,12,0
13330,-952,536,-2056,-45,11,-1
13335,-936,536,-1960,-44,10,-1
13340,-944,528,-2008,-45,9,0
13345,-952,544,-1976,-45,8,-1
13350,-960,536,-1984,-46,8,-1
13355,-928,552,-2016,-47,6,1
13360,-920,552,-1992,-47,6,0
13365,-936,560,-1968,-48,7,1
13370,-944,552,-2008,-49,6,0
13375,-936,528,-1992,-49,5,0
13380,-936,568,-1984,-49,4,-1
13385,-936,544,-2000,-48,6,0
13390,-952,544,-2008,-48,6,0
13395,-936,544,-2008,-47,6,0
13400,-944,568,-1992,-48,7,0
13405,-944,568,-1976,-47,7,-1
13410,-960,560,-1976,-47,6,-3
13415,-936,528,-1968,-48,6,-2
13420,-928,528,-2000,-50,5,-2
13425,-936,544,-1968,-48,6,-2
13430,-960,544,-2024,-48,5,1
13435,-928,544,-2008,-46,6,3
13440,-984,544,-2064,-49,8,0
13445,-936,536,-1952,-47,8,-2
13450,-928,528,-2016,-46,11,-1
13455,-928,520,-1984,-48,12,-2
13460,-944,552,-1992,-48,11,-1
13465,-936,536,-1976,-46,11,-3
13470,-928,544,-1976,-47,11,-2
13475,-936,528,-2024,-49,11,-3
13480,-952,536,-2000,-50,10,-3
13485,-912,536,-1992,-48,9,-4
13490,-984,552,-1968,-49,7,-4
13495,-944,536,-1992,-51,8,-4
13500,-944,544,-1960,-50,8,-4
13505,-928,552,-2000,-48,8,-5
13510,-952,544,-1992,-46,9,-4
13515,-928,536,-1976,-47,9,-5
13520,-960,544,-2000,-47,7,-3
13525,-960,552,-1968,-47,8,-4
13530,-944,528,-1992,-48,8,-3
13535,-912,520,-1984,-49,7,-3
13540,-952,520,-1976,-50,7,-4
13545,-896,512,-1984,-51,9,-2
13550,-960,536,-2008,-50,12,-2
13555,-936,552,-1984,-49,12,-4
13560,-936,536,-1984,-48,14,-6
13565,-960,536,-2000,-46,16,-6
13570,-944,544,-2008,-45,18,-6
13575,-944,560,-2016,-42,21,-5
13580,-920,544,-1976,-42,25,-7
13585,-928,552,-1960,-40,26,-5
13590,-952,528,-1984,-41,27,-7
13595,-968,552,-2000,-40,25,-6
13600,-952,568,-2000,-41,24,-6
13605,-928,528,-1992,-44,22,-4
13610,-952,528,-1984,-44,22,-4
13615,-968,536,-1984,-44,21,-3
13620,-928,536,-1984,-47,20,-3
13625,-960,536,-1984,-45,21,-4
13630,-936,536,-2016,-47,24,-3
13635,-920,544,-1992,-45,25,-2
13640,-928,544,-2016,-46,25,-1
13645,-960,552,-2000,-47,26,1
13650,-960,536,-1976,-47,27,2
13655,-920,536,-1936,-46,26,3
13660,-936,560,-2016,-46,24,2
13665,-952,544,-1992,-43,24,3
13670,-928,520,-1984,-42,22,4
13675,-944,544,-1984,-40,20,5
13680,-944,536,-1992,-39,18,5
13685,-944,528,-2016,-40,16,7
13690,-944,544,-2032,-39,14,8
13695,-952,560,-1992,-41,14,6
13700,-936,544,-2000,-42,14,5
13705,-944,536,-1992,-42,14,5
13710,-920,544,-1944,-41,14,3
13715,-944,552,-1968,-42,13,2
13720,-928,544,-2008,-43,13,1
13725,-928,544,-1968,-43,13,-2
13730,-968,536,-1992,-43,13,-3
13735,-944,544,-2000,-37,10,0
13740,-928,544,-2016,-42,9,-3
13745,-920,512,-2000,-42,8,-5
13750,-952,520,-1976,-44,8,-6
13755,-944,528,-2000,-43,9,-7
13760,-968,544,-2016,-42,9,-7
13765,-928,544,-2040,-40,10,-7
13770,-960,552,-1968,-40,12,-7
13775,-936,552,-2000,-38,13,-8
13780,-936,544,-1976,-39,12,-8
13785,-936,528,-1984,-40,15,-9
13790,-968,528,-1984,-39,16,-9
13795,-928,536,-1992,-38,15,-8
13800,-912,528,-1976,-40,16,-9
13805,-936,536,-2016,-41,16,-10
13810,-928,528,-1992,-41,15,-9
13815,-928,552,-2000,-42,14,-8
13820,-896,576,-2032,-43,14,-9
13825,-944,528,-1976,-42,16,-8
13830,-912,528,-1968,-42,17,-7
13835,-944,536,-1976,-39,19,-8
13840,-944,536,-2024,-40,20,-8
13845,-960,536,-1984,-41,20,-6
13850,-920,528,-1992,-43,20,-5
13855,-944,576,-1952,-44,20,-4
13860,-952,544,-2016,-46,21,-3
13865,-960,552,-2016,-46,19,-2
13870,-936,552,-1976,-47,19,-1
13875,-936,560,-2008,-50,17,-1
13880,-944,536,-2000,-51,15,0
13885,-952,552,-2016,-51,12,1
13890,-944,544,-2000,-53,12,1
13895,-944,544,-1984,-54,11,2
13900,-944,528,-1992,-54,11,3
13905,-952,552,-1992,-53,11,3
13910,-928,520,-1968,-53,12,3
13915,-928,560,-2000,-52,11,3
13920,-960,544,-2000,-53,10,2
13925,-936,552,-1992,-52,10,2
13930,-872,560,-2008,-52,11,3
13935,-976,568,-2016,-53,11,3
13940,-936,528,-1984,-54,11,3
13945,-952,552,-2008,-54,11,2
13950,-928,544,-1992,-53,14,2
13955,-936,560,-1992,-50,14,3
13960,-952,552,-1976,-50,15,1
13965,-944,536,-1976,-49,15,4
13970,-944,560,-1960,-49,15,3
13975,-968,536,-2008,-49,15,4
13980,-928,576,-2016,-50,14,4
13985,-944,544,-1992,-48,14,5
13990,-944,528,-1976,-47,15,4
13995,-944,560,-1960,-48,15,4
14000,-936,528,-1992,-48,14,4
14005,-912,520,-2000,-45,13,7
14010,-920,544,-2000,-45,11,7
14015,-928,528,-2016,-46,12,3
14020,-928,576,-1992,-47,10,2
14025,-960,568,-2024,-46,10,2
14030,-928,536,-1968,-49,10,2
14035,-920,544,-1984,-46,10,0
14040,-952,552,-1992,-46,11,0
14045,-920,536,-1984,-47,11,0
14050,-928,536,-1992,-47,12,-3
14055,-952,560,-1992,-47,13,-3
14060,-936,536,-1968,-46,14,-1
14065,-928,536,-2008,-47,14,-2
14070,-920,552,-1976,-46,14,-3
14075,-928,544,-1976,-47,14,-3
14080,-960,552,-2016,-46,14,-2
14085,-944,536,-2000,-45,15,-2
14090,-968,584,-1944,-46,15,-2
14095,-936,536,-2000,-47,14,-3
14100,-952,544,-1984,-47,14,-3
14105,-920,528,-1992,-46,13,-3
14110,-944,552,-2000,-46,12,-2
14115,-944,544,-2016,-47,11,-3
14120,-936,536,-1952,-47,13,-3
14125,-936,560,-1960,-47,14,-4
14130,-960,544,-2008,-46,15,-2
14135,-912,528,-1968,-47,15,-1
14140,-952,536,-2008,-47,15,-1
14145,-960,496,-1992,-47,18,0
14150,-952,536,-1992,-48,20,0
14155,-952,552,-1992,-48,19,3
14160,-944,528,-2008,-50,19,3
14165,-944,536,-2000,-50,19,3
14170,-928,536,-1968,-50,18,3
14175,-952,560,-1984,-52,17,6
14180,-944,552,-1968,-50,13,5
14185,-920,544,-2000,-50,12,4
14190,-936,536,-1992,-49,13,4
14195,-920,536,-2008,-51,12,5
14200,-912,592,-1968,-49,12,6
14205,-944,552,-1968,-46,10,10
14210,-928,552,-2000,-49,11,8
14215,-944,536,-1976,-49,13,6
14220,-952,528,-1992,-50,11,6
14225,-944,520,-1992,-51,12,5
14230,-936,536,-1968,-51,13,4
14235,-944,568,-1984,-52,12,4
14240,-952,536,-2000,-49,11,3
14245,-952,560,-1984,-48,13,2
14250,-952,552,-1992,-48,13,1
14255,-880,560,-1976,-46,12,2
14260,-952,536,-1976,-45,14,0
14265,-936,536,-2000,-44,14,3
14270,-920,536,-1976,-40,14,3
14275,-960,536,-2008,-42,13,2
14280,-920,528,-1952,-42,11,3
14285,-928,552,-1992,-43,13,1
14290,-928,536,-1984,-46,14,-1
14295,-952,552,-1976,-46,15,-2
14300,-936,544,-1952,-43,13,-4
14305,-944,552,-2008,-44,13,-5
14310,-888,592,-1968,-44,14,-3
14315,-944,560,-1976,-45,15,-4
14320,-936,560,-2000,-44,14,-3
14325,-952,560,-1992,-45,14,-5
14330,-928,544,-1976,-46,14,-4
14335,-928,536,-2000,-46,12,-4
14340,-936,536,-2008,-46,13,-5
14345,-944,544,-1992,-45,12,-4
14350,-952,528,-1976,-46,12,-4
14355,-928,560,-2008,-48,12,-4
14360,-952,568,-1960,-47,15,-3
14365,-952,536,-1992,-48,14,-3
14370,-936,536,-2000,-47,16,-4
14375,-928,544,-1984,-45,17,-5
14380,-936,536,-1992,-44,18,-6
14385,-944,528,-1992,-44,20,-5
14390,-936,544,-1968,-43,21,-7
14395,-928,528,-1992,-43,19,-6
14400,-928,544,-2000,-41,18,-5
14405,-936,536,-1936,-42,18,-4
14410,-928,544,-1952,-43,18,-5
14415,-944,528,-2008,-44,18,-5
14420,-912,560,-1984,-44,17,-4
14425,-944,528,-1992,-45,19,-4
14430,-944,528,-2008,-45,21,-2
14435,-928,536,-1976,-44,22,-1
14440,-920,528,-2008,-46,24,0
14445,-952,544,-1960,-46,25,1
14450,-960,536,-2008,-46,24,2
14455,-928,552,-1992,-46,22,3
14460,-952,560,-1984,-45,21,5
14465,-936,552,-1976,-46,20,5
14470,-944,576,-1952,-47,16,6
14475,-864,552,-2000,-48,15,3
14480,-936,536,-1992,-51,13,5
14485,-936,544,-1984,-51,12,7
14490,-928,552,-1984,-48,13,7
14495,-952,536,-1976,-48,13,5
14500,-904,520,-1960,-46,10,6
14505,-928,544,-1992,-42,11,8
14510,-984,632,-2008,-41,9,10
14515,-944,560,-2008,-41,9,12
14520,-928,512,-1992,-36,9,12
14525,-960,632,-1976,-32,6,10
14530,-944,520,-1952,-28,5,14
14535,-904,528,-2016,-18,2,16
14540,-928,528,-1960,-31,4,7
14545,-912,520,-1984,-38,9,3
14550,-944,536,-1976,-45,11,2
14555,-904,536,-1992,-47,12,0
14560,-912,536,-1928,-46,11,1
14565,-936,544,-2008,-43,12,1
14570,-936,528,-1960,-42,13,-1
14575,-920,544,-1984,-43,12,-2
14580,-976,536,-1984,-44,13,0
14585,-936,544,-1984,-46,11,-2
14590,-936,536,-2016,-47,12,-2
14595,-944,568,-1968,-47,11,-2
14600,-944,544,-2016,-46,12,-2
14605,-936,544,-1960,-47,11,-2
14610,-920,544,-1968,-46,11,-4
14615,-952,544,-2008,-46,11,-5
14620,-936,552,-1984,-47,10,-5
14625,-928,552,-1984,-44,8,-6
14630,-960,520,-1968,-46,8,-5
14635,-1000,552,-1992,-47,8,-5
14640,-944,536,-2000,-44,10,-6
14645,-952,544,-1984,-45,10,-5
14650,-944,528,-1984,-45,12,-5
14655,-936,560,-1992,-45,13,-7
14660,-944,544,-1992,-46,14,-7
14665,-952,544,-2008,-47,14,-5
14670,-936,552,-1984,-48,15,-5
14675,-960,560,-1992,-47,15,-6
14680,-936,544,-1976,-48,16,-6
14685,-936,568,-2008,-46,16,-5
14690,-912,560,-1952,-45,16,-6
14695,-944,544,-1960,-44,16,-6
14700,-936,544,-1968,-43,17,-7
14705,-936,560,-1992,-42,17,-5
14710,-944,528,-2024,-44,18,-7
14715,-952,536,-2016,-43,18,-4
14720,-928,536,-1976,-43,21,-5
14725,-936,552,-2000,-44,21,-6
14730,-944,536,-1992,-42,22,-6
14735,-912,552,-2008,-43,23,-6
14740,-888,504,-1968,-41,24,-7
14745,-896,568,-2000,-42,24,-7
14750,-952,560,-2000,-41,24,-6
14755,-936,552,-1976,-43,25,-6
14760,-928,560,-1968,-40,25,-6
14765,-928,552,-2024,-40,24,-6
14770,-936,568,-1992,-40,25,-5
14775,-936,520,-2032,-40,25,-4
14780,-952,528,-1984,-39,24,-6
14785,-928,552,-1992,-36,25,-5
14790,-936,552,-1960,-38,25,-5
14795,-896,528,-1984,-37,26,-5
14800,-944,536,-2024,-40,26,-4
14805,-936,528,-2024,-40,26,-3
14810,-928,536,-2000,-39,29,-3
14815,-944,552,-2016,-40,28,-2
14820,-944,544,-1968,-39,29,-2
14825,-928,544,-2024,-39,28,-3
14830,-952,544,-2000,-38,29,-4
14835,-936,536,-2008,-39,28,-4
14840,-936,536,-2016,-39,27,-3
14845,-944,552,-2024,-39,27,-2
14850,-960,536,-1968,-40,27,-3
14855,-936,528,-1992,-40,26,-2
14860,-920,536,-1992,-40,25,-4
14865,-936,544,-2016,-39,26,-3
14870,-936,544,-1992,-40,26,-4
14875,-952,568,-2016,-41,27,-3
14880,-920,544,-2032,-42,26,-2
14885,-944,536,-1976,-41,25,-2
14890,-920,520,-2024,-41,25,-3
14895,-920,520,-2024,-42,25,-3
14900,-960,544,-1984,-42,24,-4
14905,-936,544,-1960,-44,23,-4
14910,-920,528,-1968,-44,22,-4
14915,-920,544,-2024,-44,21,-3
14920,-936,536,-1984,-45,20,-3
14925,-936,528,-1976,-44,19,-2
14930,-928,520,-2040,-43,18,-4
14935,-928,560,-2000,-43,18,-3
14940,-944,568,-2008,-43,17,-3
14945,-952,544,-1984,-44,16,-3
14950,-936,544,-1968,-44,17,-2
14955,-920,536,-1976,-45,16,-3
14960,-888,544,-2008,-45,15,-4
14965,-936,520,-2008,-44,15,-2
14970,-944,544,-1984,-46,16,-1
14975,-944,536,-2008,-47,16,0
14980,-944,552,-1976,-45,16,0
14985,-944,520,-1992,-46,16,0
14990,-936,544,-2016,-47,18,3
14995,-896,528,-1968,-48,18,4
