timestamp,accel_x,accel_y,accel_z,gyro_x,gyro_y,gyro_z
0,240,-2080,-392,-29,52,3
5,216,-2072,-416,-29,55,2
10,248,-2072,-400,-30,57,2
15,240,-2080,-448,-29,58,0
20,280,-2088,-440,-29,59,-1
25,272,-2056,-448,-31,60,1
30,248,-2088,-440,-29,61,-1
35,248,-2072,-416,-31,60,-1
40,264,-2072,-392,-30,60,0
45,248,-2096,-416,-33,58,0
50,240,-2072,-432,-33,57,2
55,248,-2088,-408,-32,57,3
60,248,-2080,-448,-31,57,3
65,240,-2072,-432,-33,57,4
70,232,-2072,-416,-33,56,5
75,216,-2056,-456,-32,56,6
80,224,-2056,-440,-33,55,5
85,224,-2080,-440,-35,56,4
90,216,-2048,-448,-34,57,5
95,216,-2072,-432,-35,57,3
100,232,-2096,-456,-35,56,3
105,264,-2064,-416,-34,58,1
110,232,-2080,-440,-32,60,0
115,256,-2072,-432,-32,60,0
120,232,-2064,-448,-32,61,-4
125,224,-2064,-400,-34,61,-7
130,272,-2088,-416,-34,62,-10
135,256,-2064,-464,-35,63,-11
140,240,-2064,-432,-36,64,-13
145,256,-2072,-424,-37,66,-15
150,248,-2064,-408,-35,68,-16
155,296,-2080,-424,-36,70,-17
160,248,-2080,-448,-36,72,-18
165,288,-2096,-440,-33,74,-17
170,288,-2080,-432,-25,75,-20
175,272,-2096,-424,-25,79,-20
180,288,-2080,-400,-23,78,-22
185,232,-2040,-464,-20,79,-20
190,264,-2064,-432,-26,78,-19
195,272,-2088,-424,-36,75,-19
200,248,-2080,-416,-41,71,-18
205,248,-2072,-424,-45,70,-18
210,248,-2072,-440,-45,69,-18
215,256,-2112,-448,-41,68,-17
220,248,-2064,-456,-35,70,-18
225,256,-2040,-432,-34,69,-18
230,248,-2072,-424,-28,69,-16
235,280,-2112,-424,-27,72,-16
240,248,-2048,-456,-29,72,-15
245,256,-2088,-440,-30,72,-14
250,256,-2088,-424,-32,70,-15
255,232,-2072,-440,-31,70,-15
260,256,-2064,-392,-29,71,-16
265,232,-2064,-440,-31,71,-16
270,248,-2072,-440,-34,70,-15
275,256,-2072,-432,-40,67,-14
280,264,-2064,-432,-46,65,-13
285,272,-2064,-416,-55,61,-13
290,256,-2096,-424,-62,56,-10
295,240,-2072,-424,-70,53,-11
300,248,-2080,-464,-77,51,-11
305,232,-2056,-440,-83,49,-11
310,240,-2064,-440,-88,45,-11
315,248,-2056,-432,-93,44,-10
320,256,-2104,-440,-95,41,-11
325,240,-2088,-448,-98,39,-13
330,248,-2104,-440,-100,38,-13
335,248,-2064,-440,-103,39,-13
340,248,-2056,-432,-104,37,-15
345,224,-2096,-440,-106,39,-15
350,256,-2104,-472,-102,42,-20
355,264,-2088,-488,-97,45,-23
360,256,-2096,-488,-92,48,-25
365,232,-2088,-456,-86,51,-26
370,280,-2104,-472,-79,53,-29
375,272,-2088,-464,-72,56,-31
380,256,-2080,-472,-69,58,-31
385,256,-2072,-488,-66,59,-32
390,256,-2088,-464,-67,58,-32
395,280,-2064,-408,-72,57,-33
400,280,-2064,-472,-81,54,-33
405,304,-2104,-456,-85,58,-34
410,264,-2136,-456,-67,65,-40
415,272,-2120,-440,-47,69,-45
420,264,-2112,-440,-33,67,-50
425,264,-2096,-448,-30,61,-53
430,248,-2040,-488,-33,58,-49
435,264,-2056,-464,-38,59,-48
440,240,-2064,-464,-43,60,-48
445,272,-2056,-488,-50,62,-50
450,312,-2008,-512,-56,63,-51
455,248,-2040,-480,-65,66,-50
460,272,-2048,-456,-70,68,-49
465,264,-2056,-456,-76,70,-49
470,232,-2048,-464,-79,72,-49
475,264,-2080,-448,-80,73,-49
480,248,-2056,-456,-79,76,-49
485,272,-2048,-432,-78,81,-47
490,240,-2048,-416,-73,83,-46
495,248,-2056,-432,-68,86,-43
500,264,-2064,-440,-65,89,-39
505,208,-2040,-440,-62,90,-37
510,256,-2032,-432,-61,91,-34
515,264,-2048,-432,-58,90,-31
520,256,-2008,-416,-58,89,-27
525,288,-2040,-416,-57,88,-23
530,288,-2016,-432,-60,87,-19
535,256,-2016,-400,-64,84,-13
540,256,-2024,-424,-66,81,-8
545,280,-2016,-384,-67,77,-6
550,280,-2040,-408,-71,72,0
555,256,-2016,-416,-73,69,6
560,272,-2048,-384,-75,64,11
565,280,-2072,-392,-77,58,17
570,304,-2080,-376,-80,51,23
575,280,-2088,-384,-80,42,28
580,272,-2080,-360,-80,37,35
585,280,-2104,-368,-79,31,39
590,256,-2120,-368,-76,29,44
595,280,-2120,-408,-71,26,49
600,296,-2120,-392,-64,23,50
605,312,-2120,-392,-55,19,49
610,264,-2088,-376,-47,16,49
615,312,-2136,-376,-40,12,47
620,336,-2144,-368,-35,8,44
625,320,-2128,-384,-26,-1,41
630,344,-2120,-368,-21,-8,37
635,320,-2104,-376,-16,-18,35
640,320,-2112,-344,-9,-30,33
645,296,-2120,-376,-2,-44,33
650,304,-2120,-344,5,-59,37
655,288,-2088,-344,15,-75,40
660,240,-2056,-344,23,-90,46
665,272,-2080,-296,30,-108,51
670,216,-2040,-360,36,-126,59
675,208,-2048,-344,37,-143,67
680,200,-2056,-352,36,-161,73
685,208,-2040,-376,31,-179,78
690,208,-2064,-360,24,-195,83
695,208,-2048,-352,13,-211,87
700,216,-2040,-360,2,-224,90
705,208,-2056,-312,-7,-240,91
710,216,-2064,-376,-15,-251,92
715,256,-2104,-384,-22,-260,91
720,256,-2064,-384,-24,-266,93
725,288,-2064,-376,-22,-269,89
730,320,-2088,-392,-19,-271,87
735,328,-2088,-368,-15,-269,83
740,344,-2104,-400,-7,-267,81
745,360,-2080,-360,0,-263,76
750,368,-2064,-360,8,-257,72
755,384,-2080,-376,17,-250,66
760,392,-2088,-368,25,-245,59
765,400,-2088,-368,34,-241,54
770,472,-2080,-360,43,-239,49
775,400,-2072,-376,49,-236,48
780,432,-2072,-392,56,-237,46
785,432,-2088,-408,58,-237,46
790,464,-2096,-432,56,-236,45
795,440,-2080,-432,50,-232,46
800,464,-2128,-440,41,-227,44
805,496,-2120,-440,31,-218,47
810,488,-2104,-448,22,-209,46
815,480,-2104,-472,15,-192,48
820,512,-2088,-456,14,-174,47
825,480,-2080,-448,21,-153,47
830,512,-2040,-464,32,-131,46
835,520,-2040,-464,44,-109,45
840,512,-2000,-512,51,-86,43
845,504,-1992,-496,52,-62,42
850,472,-1960,-536,45,-39,41
855,480,-1992,-544,28,-15,39
860,464,-2000,-568,5,3,35
865,440,-2000,-608,-28,23,31
870,440,-2040,-584,-60,40,27
875,456,-2032,-528,-94,56,22
880,408,-2120,-608,-132,70,16
885,376,-2144,-584,-170,83,9
890,336,-2176,-616,-204,95,3
895,320,-2256,-592,-231,102,-4
900,256,-2240,-584,-251,112,-10
905,248,-2248,-576,-256,122,-13
910,248,-2248,-552,-249,132,-15
915,192,-2224,-600,-232,144,-16
920,168,-2224,-520,-206,159,-18
925,120,-2216,-520,-178,174,-19
930,104,-2216,-552,-146,188,-19
935,88,-2152,-496,-117,206,-18
940,64,-2112,-496,-89,219,-19
945,48,-2088,-496,-66,231,-20
950,16,-2048,-488,-47,239,-20
955,0,-2024,-464,-33,245,-19
960,-16,-2000,-448,-20,247,-17
965,16,-1984,-488,-14,245,-16
970,-8,-1952,-440,-11,238,-12
975,0,-1928,-432,-12,226,-7
980,-8,-1912,-432,-18,209,-3
985,-8,-1888,-472,-28,190,0
990,-16,-1888,-408,-42,168,4
995,8,-1880,-400,-61,145,6
1000,24,-1896,-416,-80,118,11
1005,40,-1912,-424,-100,92,15
1010,48,-1904,-432,-123,67,17
1015,48,-1944,-408,-146,42,19
1020,88,-1976,-456,-170,19,18
1025,80,-2024,-448,-191,1,16
1030,96,-2040,-456,-211,-14,13
1035,112,-2056,-480,-225,-29,9
1040,144,-2064,-416,-238,-39,5
1045,136,-2128,-472,-244,-47,0
1050,128,-2160,-480,-246,-53,-4
1055,136,-2208,-488,-244,-58,-9
1060,168,-2240,-472,-232,-59,-14
1065,136,-2248,-472,-219,-59,-15
1070,128,-2224,-472,-201,-57,-19
1075,160,-2240,-488,-181,-56,-21
1080,160,-2232,-464,-157,-55,-20
1085,144,-2216,-480,-130,-54,-19
1090,176,-2208,-472,-104,-54,-15
1095,152,-2200,-472,-79,-55,-14
1100,168,-2160,-464,-54,-57,-10
1105,144,-2128,-440,-37,-59,-6
1110,128,-2056,-448,-25,-62,-1
1115,160,-2072,-448,-17,-65,4
1120,144,-2056,-440,-12,-71,7
1125,136,-2040,-432,-14,-77,12
1130,136,-2048,-392,-18,-87,15
1135,128,-2024,-440,-25,-95,16
1140,128,-2032,-440,-30,-107,17
1145,72,-2048,-392,-38,-118,19
1150,120,-2048,-416,-43,-130,18
1155,112,-2032,-376,-48,-142,18
1160,120,-2048,-400,-53,-155,16
1165,128,-2040,-376,-55,-167,14
1170,128,-2072,-400,-56,-175,11
1175,128,-2088,-408,-61,-186,7
1180,112,-2072,-416,-61,-193,6
1185,120,-2088,-424,-60,-199,2
1190,136,-2072,-440,-56,-205,0
1195,136,-2064,-424,-54,-210,-3
1200,136,-2096,-424,-51,-212,-4
1205,192,-2104,-440,-51,-212,-5
1210,144,-2080,-456,-48,-213,-7
1215,208,-2104,-472,-45,-213,-8
1220,200,-2080,-472,-44,-211,-8
1225,200,-2096,-464,-38,-210,-10
1230,200,-2080,-464,-37,-210,-9
1235,216,-2088,-440,-34,-209,-10
1240,192,-2104,-432,-32,-209,-8
1245,232,-2112,-448,-31,-209,-6
1250,200,-2072,-456,-30,-211,-3
1255,232,-2096,-360,-27,-210,-3
1260,192,-2080,-448,-27,-211,0
1265,208,-2088,-448,-24,-212,3
1270,192,-2056,-464,-24,-215,5
1275,184,-2072,-432,-22,-216,7
1280,184,-2056,-432,-21,-218,8
1285,216,-2080,-416,-19,-219,11
1290,168,-2096,-432,-17,-221,12
1295,136,-2080,-456,-15,-222,12
1300,168,-2072,-448,-12,-223,13
1305,200,-2056,-448,-10,-222,12
1310,144,-2088,-448,-10,-222,11
1315,160,-2112,-440,-7,-220,10
1320,176,-2104,-448,-5,-218,8
1325,184,-2088,-456,-3,-216,6
1330,176,-2080,-440,-1,-213,4
1335,208,-2088,-480,-1,-209,3
1340,184,-2080,-448,-1,-206,1
1345,200,-2088,-440,1,-201,0
1350,200,-2064,-448,-1,-195,-1
1355,240,-2088,-472,-1,-189,0
1360,192,-2048,-456,-2,-184,0
1365,208,-2072,-456,-4,-180,-2
1370,224,-2080,-456,-6,-174,0
1375,216,-2056,-448,-8,-168,-2
1380,232,-2056,-448,-11,-163,-2
1385,248,-2072,-472,-11,-156,-1
1390,256,-2080,-448,-14,-150,-1
1395,240,-2056,-472,-16,-144,0
1400,264,-2056,-448,-18,-138,-1
1405,248,-2072,-472,-16,-132,-3
1410,232,-2064,-464,-17,-126,-3
1415,248,-2104,-480,-17,-120,-2
1420,224,-2056,-488,-16,-115,-1
1425,224,-2064,-480,-17,-109,1
1430,232,-2056,-456,-16,-106,3
1435,216,-2048,-480,-18,-100,5
1440,232,-2072,-440,-22,-95,7
1445,208,-2072,-456,-26,-91,8
1450,216,-2072,-472,-30,-87,10
1455,200,-2072,-472,-32,-83,10
1460,200,-2104,-464,-37,-80,11
1465,168,-2088,-464,-40,-77,12
1470,200,-2072,-448,-40,-75,12
1475,200,-2072,-448,-43,-70,12
1480,192,-2064,-448,-42,-67,12
1485,200,-2080,-448,-42,-63,11
1490,208,-2080,-440,-42,-57,11
1495,208,-2080,-448,-40,-54,10
1500,224,-2088,-448,-39,-50,12
1505,208,-2072,-464,-37,-47,14
1510,216,-2064,-464,-38,-44,14
1515,200,-2072,-464,-37,-41,17
1520,208,-2088,-400,-39,-38,18
1525,192,-2064,-488,-40,-37,17
1530,240,-2064,-448,-43,-34,21
1535,240,-2064,-456,-44,-30,23
1540,216,-2056,-424,-46,-29,24
1545,240,-2072,-448,-48,-26,24
1550,232,-2088,-456,-51,-23,27
1555,240,-2072,-480,-51,-19,27
1560,192,-2056,-448,-54,-16,29
1565,224,-2064,-424,-54,-13,29
1570,216,-2080,-464,-57,-10,27
1575,240,-2056,-472,-58,-7,28
1580,224,-2080,-456,-60,-4,29
1585,224,-2080,-448,-62,-2,30
1590,224,-2080,-440,-61,0,29
1595,232,-2088,-488,-63,3,29
1600,192,-2080,-448,-61,7,30
1605,200,-2096,-480,-60,11,29
1610,264,-2080,-456,-59,14,31
1615,184,-2080,-480,-57,19,30
1620,208,-2088,-464,-54,22,29
1625,168,-2072,-496,-53,24,30
1630,216,-2080,-464,-52,28,30
1635,184,-2072,-496,-52,33,29
1640,248,-2080,-472,-51,35,29
1645,216,-2088,-456,-53,39,29
1650,224,-2080,-472,-52,42,29
1655,224,-2056,-464,-52,46,29
1660,200,-2072,-496,-53,48,27
1665,216,-2080,-464,-53,52,25
1670,232,-2080,-496,-54,53,24
1675,240,-2088,-472,-54,56,23
1680,216,-2088,-392,-56,59,22
1685,208,-2056,-472,-60,62,21
1690,224,-2072,-480,-64,65,21
1695,232,-2056,-456,-68,66,20
1700,208,-2072,-504,-73,69,19
1705,224,-2088,-480,-76,69,20
1710,200,-2088,-480,-77,70,22
1715,200,-2088,-480,-79,71,23
1720,200,-2080,-504,-79,71,25
1725,184,-2080,-488,-79,75,27
1730,184,-2096,-512,-77,75,28
1735,184,-2112,-480,-78,76,29
1740,176,-2112,-472,-77,78,32
1745,176,-2080,-480,-74,79,34
1750,168,-2072,-520,-72,79,34
1755,184,-2104,-504,-70,79,34
1760,192,-2080,-480,-66,80,34
1765,200,-2104,-480,-61,82,33
1770,184,-2080,-472,-58,84,32
1775,176,-2056,-528,-55,84,30
1780,216,-2104,-520,-51,85,30
1785,168,-2072,-480,-49,85,28
1790,192,-2056,-488,-50,86,27
1795,176,-2056,-536,-51,87,25
1800,176,-2064,-504,-52,86,23
1805,160,-2048,-488,-54,88,23
1810,184,-2064,-520,-57,89,23
1815,176,-2064,-496,-60,87,23
1820,168,-2048,-504,-62,87,24
1825,200,-2056,-488,-64,88,25
1830,176,-2048,-496,-66,88,26
1835,184,-2048,-504,-67,88,26
1840,192,-2048,-504,-69,88,27
1845,152,-2056,-480,-70,88,28
1850,200,-2056,-536,-72,89,30
1855,200,-2072,-504,-75,87,31
1860,160,-2096,-480,-74,88,33
1865,184,-2080,-504,-76,86,32
1870,208,-2072,-496,-77,85,34
1875,168,-2088,-504,-78,82,36
1880,176,-2080,-504,-74,81,36
1885,168,-2056,-512,-73,80,38
1890,200,-2064,-504,-70,77,41
1895,168,-2056,-552,-69,75,42
1900,176,-2072,-504,-66,75,42
1905,168,-2048,-536,-65,73,42
1910,200,-2048,-504,-62,71,42
1915,184,-2048,-544,-62,69,42
1920,176,-2048,-496,-64,69,41
1925,200,-2064,-496,-65,66,41
1930,192,-2072,-512,-69,66,40
1935,184,-2064,-472,-72,64,40
1940,184,-2064,-480,-74,61,38
1945,168,-2032,-496,-76,59,37
1950,160,-2064,-480,-79,57,37
1955,168,-2064,-488,-82,55,36
1960,168,-2072,-528,-85,55,38
1965,144,-2056,-520,-88,51,36
1970,152,-2048,-504,-89,51,35
1975,176,-2048,-544,-93,50,32
1980,160,-2048,-528,-98,48,32
1985,168,-2056,-520,-104,47,30
1990,168,-2056,-560,-111,47,29
1995,176,-2056,-520,-116,44,28
2000,144,-2048,-568,-122,42,29
2005,144,-2048,-504,-128,40,27
2010,160,-2064,-528,-131,40,29
2015,184,-2040,-544,-135,36,31
2020,152,-2056,-520,-136,35,30
2025,168,-2056,-528,-140,31,29
2030,184,-2048,-528,-145,30,29
2035,176,-2056,-544,-149,27,30
2040,184,-2048,-520,-155,25,30
2045,160,-2056,-528,-162,23,28
2050,168,-2048,-552,-169,19,27
2055,176,-2016,-512,-175,15,27
2060,184,-2056,-520,-180,11,27
2065,160,-2056,-544,-185,5,25
2070,168,-2064,-552,-189,0,27
2075,136,-2056,-528,-192,-6,27
2080,128,-2048,-536,-195,-13,29
2085,128,-2048,-496,-198,-19,31
2090,120,-2048,-504,-201,-25,32
2095,120,-2048,-536,-204,-32,34
2100,104,-2064,-528,-205,-38,36
2105,104,-2040,-544,-208,-41,38
2110,72,-2048,-528,-210,-47,39
2115,120,-2064,-512,-211,-49,42
2120,96,-2064,-528,-217,-54,40
2125,96,-2040,-552,-221,-61,41
2130,88,-2032,-520,-224,-63,41
2135,120,-2056,-552,-231,-69,39
2140,112,-2072,-544,-236,-73,38
2145,128,-2064,-568,-240,-79,37
2150,120,-2056,-544,-244,-83,36
2155,128,-2080,-576,-245,-89,35
2160,104,-2056,-560,-249,-93,34
2165,112,-2064,-560,-250,-97,33
2170,128,-2080,-536,-251,-101,34
2175,104,-2064,-584,-250,-102,34
2180,128,-2064,-560,-250,-104,33
2185,136,-2080,-576,-248,-103,32
2190,136,-2064,-592,-246,-103,31
2195,144,-2088,-600,-244,-103,30
2200,136,-2080,-584,-240,-102,27
2205,144,-2096,-592,-238,-101,23
2210,128,-2080,-600,-234,-100,21
2215,232,-2112,-640,-233,-99,17
2220,136,-2072,-624,-233,-97,13
2225,152,-2080,-592,-230,-97,9
2230,144,-2072,-608,-231,-95,5
2235,144,-2064,-600,-230,-94,2
2240,160,-2064,-608,-230,-95,1
2245,152,-2048,-608,-230,-93,0
2250,160,-2064,-584,-230,-95,0
2255,144,-2040,-616,-229,-95,2
2260,152,-2056,-616,-230,-95,3
2265,168,-2040,-616,-230,-97,7
2270,136,-2040,-624,-231,-100,11
2275,120,-2040,-608,-230,-102,13
2280,120,-2048,-592,-229,-106,18
2285,120,-2040,-632,-231,-108,21
2290,120,-2032,-624,-233,-111,25
2295,104,-2008,-648,-237,-115,27
2300,120,-2032,-640,-241,-117,30
2305,120,-2032,-624,-248,-121,34
2310,112,-2016,-656,-253,-122,34
2315,64,-2008,-656,-259,-126,34
2320,88,-2016,-696,-265,-129,37
2325,88,-2008,-672,-272,-130,37
2330,80,-2016,-632,-273,-131,37
2335,80,-1992,-664,-277,-132,36
2340,72,-2000,-672,-278,-133,34
2345,72,-1984,-648,-280,-131,33
2350,64,-1976,-640,-281,-130,33
2355,48,-2000,-616,-282,-128,31
2360,96,-2016,-680,-283,-126,29
2365,56,-1992,-664,-285,-125,28
2370,88,-2008,-672,-288,-121,25
2375,88,-2032,-720,-289,-117,22
2380,72,-2032,-672,-292,-115,23
2385,96,-2032,-696,-293,-110,21
2390,96,-2040,-720,-297,-106,21
2395,104,-2008,-704,-299,-101,19
2400,104,-2024,-696,-300,-95,19
2405,128,-2032,-704,-303,-92,17
2410,120,-2024,-736,-305,-84,17
2415,144,-2024,-712,-305,-78,16
2420,144,-2040,-704,-308,-69,15
2425,136,-2016,-704,-312,-65,13
2430,168,-2048,-760,-315,-57,11
2435,152,-2032,-760,-317,-50,8
2440,168,-2040,-736,-321,-46,7
2445,152,-2040,-752,-323,-41,6
2450,176,-2040,-752,-328,-37,5
2455,136,-2048,-752,-334,-31,5
2460,152,-2048,-736,-337,-26,7
2465,136,-2048,-744,-339,-22,11
2470,152,-2048,-768,-343,-16,17
2475,136,-2032,-752,-344,-10,20
2480,128,-2024,-728,-344,-4,25
2485,96,-2064,-736,-345,4,30
2490,136,-2016,-776,-343,11,35
2495,120,-2032,-768,-339,19,40
2500,136,-2016,-744,-337,28,43
2505,128,-2024,-760,-334,35,48
2510,120,-2008,-768,-330,44,49
2515,88,-1984,-760,-328,49,51
2520,104,-2008,-792,-328,54,54
2525,120,-1984,-800,-330,60,55
2530,96,-2000,-768,-333,64,56
2535,80,-1984,-760,-335,70,57
2540,80,-1960,-792,-340,74,57
2545,72,-1992,-792,-345,78,58
2550,64,-1968,-800,-351,82,58
2555,56,-1992,-808,-358,85,56
2560,72,-1984,-792,-362,87,54
2565,64,-1992,-800,-365,91,54
2570,88,-2008,-760,-367,93,54
2575,64,-2008,-808,-366,95,52
2580,48,-2016,-800,-364,97,50
2585,72,-2032,-784,-365,100,48
2590,104,-2024,-824,-363,102,47
2595,56,-2048,-760,-363,105,48
2600,72,-2056,-808,-363,108,49
2605,80,-2048,-816,-360,111,49
2610,104,-2064,-808,-362,116,54
2615,104,-2056,-832,-361,120,55
2620,104,-2080,-840,-361,125,56
2625,104,-2080,-864,-359,130,61
2630,112,-2104,-840,-358,132,63
2635,96,-2096,-840,-356,136,66
2640,120,-2112,-880,-355,138,69
2645,144,-2112,-888,-354,138,70
2650,88,-2096,-856,-349,139,74
2655,96,-2080,-832,-347,136,76
2660,120,-2104,-856,-346,134,80
2665,80,-2080,-848,-343,131,83
2670,96,-2088,-856,-339,129,87
2675,104,-2096,-864,-334,126,88
2680,80,-2064,-864,-328,121,89
2685,80,-2072,-872,-321,116,92
2690,80,-2048,-848,-314,113,93
2695,64,-2072,-832,-305,108,93
2700,72,-2072,-848,-299,103,93
2705,48,-2048,-872,-292,97,95
2710,56,-2056,-872,-285,94,96
2715,48,-2048,-856,-280,89,98
2720,48,-2040,-856,-278,84,100
2725,32,-2024,-864,-276,82,102
2730,32,-2040,-848,-275,80,104
2735,16,-2008,-904,-271,79,106
2740,32,-2008,-904,-270,79,110
2745,-8,-1976,-912,-269,77,111
2750,8,-1976,-928,-272,78,113
2755,32,-1896,-936,-269,76,115
2760,32,-1976,-912,-269,74,116
2765,32,-1952,-912,-269,73,116
2770,56,-1968,-952,-270,71,118
2775,72,-1952,-920,-270,70,120
2780,56,-1928,-928,-269,68,121
2785,48,-1944,-912,-272,65,122
2790,64,-1976,-960,-272,64,123
2795,64,-1920,-944,-274,63,124
2800,72,-1960,-912,-275,61,126
2805,64,-1936,-936,-279,61,128
2810,56,-1944,-912,-280,60,130
2815,88,-1960,-928,-283,57,127
2820,40,-1944,-952,-282,54,127
2825,72,-1952,-920,-281,49,125
2830,88,-1928,-936,-281,46,124
2835,88,-1936,-928,-280,41,126
2840,80,-1968,-944,-281,38,127
2845,88,-1928,-960,-280,37,128
2850,80,-1920,-936,-284,35,132
2855,40,-1936,-968,-285,33,134
2860,48,-1928,-928,-286,31,135
2865,72,-2016,-968,-285,28,136
2870,48,-1968,-960,-283,28,137
2875,32,-1976,-952,-281,29,138
2880,64,-1968,-976,-275,28,139
2885,56,-1984,-952,-275,30,139
2890,48,-1984,-968,-275,33,138
2895,32,-1984,-960,-273,38,138
2900,32,-1992,-992,-273,39,135
2905,32,-2000,-952,-274,42,133
2910,24,-1984,-960,-273,42,130
2915,32,-1976,-1016,-271,40,126
2920,24,-2000,-944,-272,39,126
2925,40,-2000,-968,-271,40,124
2930,40,-1976,-984,-270,39,123
2935,48,-1976,-992,-271,34,122
2940,16,-1984,-1000,-269,31,121
2945,24,-1968,-1008,-269,32,121
2950,8,-2000,-984,-267,30,121
2955,-16,-1960,-1032,-268,32,121
2960,0,-1928,-1000,-270,36,124
2965,0,-1944,-992,-272,38,124
2970,-32,-1936,-1072,-273,41,127
2975,0,-1944,-1016,-279,41,125
2980,56,-1976,-1000,-282,42,124
2985,8,-1968,-1024,-284,41,124
2990,32,-1944,-1008,-287,39,125
2995,24,-1944,-1016,-289,37,125
3000,32,-1944,-1016,-290,36,125
3005,32,-1960,-1000,-288,32,126
3010,32,-1928,-1016,-288,33,127
3015,16,-1928,-1008,-293,37,130
3020,0,-1936,-1072,-298,42,134
3025,56,-1952,-1040,-302,43,133
3030,0,-1912,-1024,-303,42,134
3035,8,-1920,-1016,-305,43,135
3040,0,-1928,-1072,-312,43,132
3045,8,-1920,-1032,-315,38,131
3050,0,-1880,-1032,-322,35,130
3055,-24,-1896,-1032,-331,31,130
3060,-48,-1912,-1032,-338,25,131
3065,-64,-1912,-1056,-341,16,130
3070,-56,-1864,-1064,-341,4,129
3075,-64,-1880,-1040,-344,-3,133
3080,-112,-1848,-1008,-345,-9,137
3085,-72,-1872,-1064,-347,-12,142
3090,-112,-1904,-1032,-348,-12,151
3095,-96,-1880,-1072,-346,-10,158
3100,-112,-1904,-1072,-349,-8,165
3105,-80,-1888,-1080,-346,-18,167
3110,-88,-1856,-1072,-352,-16,172
3115,-88,-1880,-1048,-364,-9,181
3120,-80,-1880,-1064,-369,-7,190
3125,-72,-1896,-1080,-364,-12,194
3130,-64,-1920,-1088,-359,-12,199
3135,-64,-1904,-1136,-359,-6,205
3140,-40,-1912,-1080,-362,-1,212
3145,-40,-1920,-1120,-362,4,218
3150,-16,-1928,-1104,-357,8,221
3155,0,-1952,-1152,-354,14,226
3160,-24,-1952,-1144,-350,20,227
3165,-8,-1928,-1160,-344,23,224
3170,8,-1960,-1160,-343,28,222
3175,0,-1952,-1136,-341,31,220
3180,0,-1936,-1176,-339,30,217
3185,-8,-1904,-1176,-336,28,212
3190,24,-1872,-1096,-335,28,209
3195,-16,-1880,-1192,-335,27,209
3200,-16,-1864,-1160,-338,23,210
3205,0,-1872,-1208,-338,18,208
3210,-24,-1864,-1168,-337,13,210
3215,-32,-1880,-1192,-333,7,212
3220,-56,-1880,-1152,-332,2,213
3225,-56,-1888,-1136,-328,-3,214
3230,-64,-1880,-1152,-325,-8,214
3235,-64,-1864,-1176,-318,-15,214
3240,-80,-1864,-1208,-316,-12,217
3245,-104,-1832,-1160,-316,-2,222
3250,-104,-1856,-1176,-316,9,226
3255,-96,-1904,-1176,-310,18,227
3260,-120,-1912,-1160,-303,23,223
3265,-120,-1912,-1184,-297,26,215
3270,-112,-1896,-1200,-291,27,211
3275,-120,-1904,-1240,-286,33,210
3280,-128,-1904,-1232,-284,41,207
3285,-128,-1896,-1200,-279,41,201
3290,-152,-1880,-1216,-278,41,194
3295,-128,-1912,-1192,-277,39,186
3300,-120,-1904,-1160,-277,38,180
3305,-168,-1888,-1232,-279,33,171
3310,-168,-1904,-1232,-281,28,164
3315,-168,-1896,-1232,-281,22,156
3320,-176,-1896,-1208,-280,15,147
3325,-144,-1920,-1216,-280,7,140
3330,-176,-1936,-1216,-277,0,137
3335,-192,-1936,-1216,-269,-7,131
3340,-192,-1912,-1192,-259,-16,126
3345,-200,-1920,-1216,-249,-23,123
3350,-232,-1920,-1232,-237,-28,122
3355,-208,-1888,-1224,-225,-36,122
3360,-184,-1896,-1232,-212,-45,118
3365,-200,-1904,-1240,-201,-53,116
3370,-200,-1904,-1272,-193,-60,117
3375,-224,-1904,-1224,-190,-66,115
3380,-256,-1880,-1248,-185,-78,112
3385,-240,-1888,-1264,-181,-85,111
3390,-240,-1888,-1248,-181,-90,109
3395,-256,-1880,-1264,-183,-93,105
3400,-232,-1880,-1248,-186,-97,101
3405,-256,-1848,-1272,-191,-97,100
3410,-264,-1904,-1288,-196,-98,95
3415,-232,-1896,-1288,-199,-101,89
3420,-248,-1864,-1344,-201,-103,83
3425,-240,-1880,-1304,-207,-102,77
3430,-248,-1848,-1304,-207,-101,71
3435,-248,-1856,-1336,-207,-97,64
3440,-256,-1848,-1296,-206,-94,59
3445,-264,-1864,-1288,-204,-93,55
3450,-256,-1848,-1344,-199,-95,47
3455,-264,-1848,-1320,-194,-96,44
3460,-272,-1832,-1312,-190,-101,38
3465,-248,-1824,-1320,-187,-107,32
3470,-272,-1848,-1344,-186,-114,26
3475,-280,-1832,-1360,-184,-120,16
3480,-272,-1800,-1312,-185,-126,8
3485,-304,-1768,-1320,-187,-130,1
3490,-304,-1776,-1344,-187,-137,-7
3495,-328,-1752,-1304,-188,-145,-14
3500,-336,-1752,-1288,-192,-151,-22
3505,-344,-1744,-1312,-193,-156,-28
3510,-344,-1728,-1288,-195,-159,-35
3515,-368,-1720,-1240,-194,-159,-39
3520,-384,-1712,-1240,-195,-157,-41
3525,-400,-1712,-1232,-196,-156,-41
3530,-400,-1704,-1248,-196,-153,-42
3535,-400,-1728,-1248,-199,-152,-38
3540,-368,-1704,-1272,-203,-149,-35
3545,-384,-1704,-1240,-209,-147,-33
3550,-352,-1672,-1264,-211,-145,-32
3555,-312,-1696,-1264,-216,-141,-30
3560,-296,-1696,-1256,-224,-132,-28
3565,-344,-1688,-1256,-228,-121,-26
3570,-296,-1624,-1336,-234,-111,-23
3575,-328,-1712,-1272,-239,-97,-20
3580,-288,-1688,-1240,-241,-81,-18
3585,-288,-1712,-1240,-239,-65,-14
3590,-296,-1728,-1264,-237,-48,-12
3595,-288,-1736,-1256,-234,-30,-9
3600,-280,-1744,-1216,-228,-14,-6
3605,-296,-1784,-1240,-219,1,-3
3610,-280,-1776,-1216,-210,17,-2
3615,-264,-1736,-1184,-200,30,-1
3620,-256,-1768,-1216,-191,44,0
3625,-240,-1736,-1192,-182,56,1
3630,-248,-1720,-1168,-175,70,1
3635,-248,-1744,-1168,-170,83,1
3640,-248,-1704,-1192,-165,96,3
3645,-256,-1664,-1192,-163,111,3
3650,-216,-1656,-1160,-166,126,6
3655,-256,-1624,-1168,-169,141,8
3660,-272,-1624,-1192,-175,154,10
3665,-272,-1632,-1144,-180,164,14
3670,-280,-1600,-1168,-187,171,19
3675,-304,-1560,-1160,-194,173,24
3680,-288,-1576,-1168,-198,172,33
3685,-344,-1584,-1208,-202,169,40
3690,-400,-1560,-1264,-206,159,51
3695,-416,-1560,-1280,-210,149,62
3700,-440,-1536,-1320,-216,134,73
3705,-496,-1536,-1352,-223,119,82
3710,-552,-1504,-1448,-237,105,90
3715,-568,-1488,-1488,-256,89,95
3720,-576,-1496,-1552,-282,75,98
3725,-624,-1504,-1576,-313,58,96
3730,-640,-1512,-1616,-348,38,89
3735,-672,-1520,-1688,-382,14,80
3740,-648,-1576,-1664,-413,-6,71
3745,-664,-1648,-1672,-442,-21,60
3750,-632,-1736,-1648,-462,-37,50
3755,-600,-1856,-1616,-471,-50,37
3760,-528,-1936,-1568,-467,-58,24
3765,-472,-2000,-1480,-448,-65,15
3770,-400,-2056,-1464,-418,-73,7
3775,-352,-2088,-1440,-373,-82,6
3780,-256,-2064,-1368,-320,-94,10
3785,-208,-2056,-1392,-264,-107,13
3790,-160,-2048,-1328,-207,-121,19
3795,-48,-1984,-1360,-154,-128,26
3800,-16,-1904,-1384,-109,-133,35
3805,40,-1848,-1424,-76,-130,42
3810,104,-1792,-1448,-54,-123,47
3815,96,-1712,-1472,-42,-108,50
3820,152,-1632,-1480,-42,-86,54
3825,128,-1552,-1512,-53,-59,54
3830,120,-1504,-1504,-76,-27,52
3835,104,-1464,-1496,-107,4,52
3840,56,-1440,-1504,-145,37,54
3845,16,-1384,-1472,-189,70,59
3850,-16,-1408,-1472,-231,103,67
3855,-56,-1416,-1448,-265,134,75
3860,-96,-1464,-1432,-294,164,82
3865,-104,-1472,-1400,-317,193,87
3870,-128,-1512,-1392,-333,215,92
3875,-176,-1544,-1360,-341,234,95
3880,-184,-1576,-1328,-343,245,95
3885,-200,-1600,-1376,-342,250,94
3890,-264,-1624,-1376,-334,249,93
3895,-272,-1664,-1376,-323,240,90
3900,-288,-1720,-1392,-309,225,88
3905,-288,-1752,-1408,-293,204,89
3910,-296,-1760,-1424,-280,178,91
3915,-296,-1824,-1472,-265,152,92
3920,-336,-1824,-1472,-250,127,95
3925,-312,-1848,-1504,-238,104,98
3930,-368,-1832,-1504,-226,85,101
3935,-304,-1832,-1504,-215,72,103
3940,-296,-1808,-1504,-205,64,105
3945,-280,-1832,-1520,-194,63,108
3950,-272,-1848,-1560,-184,66,110
3955,-240,-1768,-1568,-176,74,111
3960,-248,-1704,-1536,-173,86,112
3965,-232,-1696,-1536,-170,101,114
3970,-216,-1656,-1552,-170,117,113
3975,-216,-1664,-1536,-170,134,110
3980,-216,-1624,-1536,-173,149,109
3985,-208,-1576,-1544,-177,164,106
3990,-184,-1576,-1520,-184,177,103
3995,-168,-1608,-1560,-190,189,100
4000,-168,-1600,-1552,-200,199,97
4005,-208,-1664,-1584,-206,209,95
4010,-200,-1624,-1544,-215,216,92
4015,-208,-1632,-1528,-222,222,89
4020,-240,-1632,-1520,-225,229,86
4025,-240,-1624,-1528,-227,234,84
4030,-224,-1688,-1552,-226,235,82
4035,-232,-1680,-1536,-231,238,79
4040,-264,-1704,-1584,-230,239,75
4045,-304,-1656,-1544,-229,238,72
4050,-312,-1696,-1512,-229,236,66
4055,-328,-1696,-1536,-227,232,62
4060,-344,-1704,-1584,-224,228,57
4065,-304,-1768,-1544,-221,222,52
4070,-336,-1736,-1528,-217,216,48
4075,-328,-1760,-1552,-213,211,44
4080,-336,-1736,-1544,-210,205,38
4085,-336,-1736,-1584,-209,201,31
4090,-304,-1744,-1544,-206,194,26
4095,-304,-1704,-1536,-204,189,23
4100,-304,-1712,-1536,-199,183,19
4105,-296,-1696,-1536,-194,178,17
4110,-272,-1696,-1528,-193,173,12
4115,-280,-1704,-1544,-192,165,8
4120,-240,-1680,-1552,-185,158,5
4125,-240,-1664,-1568,-177,154,-1
4130,-240,-1664,-1544,-170,148,-4
4135,-232,-1648,-1552,-167,142,-10
4140,-232,-1632,-1544,-164,138,-15
4145,-192,-1656,-1512,-162,135,-19
4150,-224,-1632,-1528,-156,132,-25
4155,-184,-1616,-1520,-148,128,-29
4160,-192,-1608,-1496,-142,127,-33
4165,-208,-1624,-1536,-137,126,-35
4170,-168,-1648,-1504,-134,125,-38
4175,-200,-1632,-1528,-129,126,-42
4180,-216,-1624,-1504,-127,128,-44
4185,-224,-1624,-1536,-123,131,-44
4190,-232,-1616,-1512,-119,134,-45
4195,-232,-1632,-1520,-120,136,-45
4200,-256,-1616,-1520,-120,136,-46
4205,-240,-1632,-1512,-120,139,-43
4210,-248,-1640,-1544,-124,142,-43
4215,-248,-1640,-1536,-129,143,-44
4220,-264,-1616,-1512,-135,143,-44
4225,-272,-1592,-1536,-139,142,-42
4230,-272,-1608,-1536,-142,142,-41
4235,-280,-1600,-1504,-148,140,-40
4240,-280,-1600,-1544,-151,137,-40
4245,-264,-1600,-1560,-154,138,-41
4250,-280,-1592,-1584,-156,138,-39
4255,-240,-1600,-1552,-156,138,-38
4260,-272,-1576,-1552,-155,138,-37
4265,-240,-1584,-1544,-155,139,-39
4270,-248,-1608,-1552,-153,138,-39
4275,-216,-1560,-1544,-152,140,-40
4280,-240,-1576,-1560,-148,141,-41
4285,-208,-1576,-1544,-147,143,-43
4290,-200,-1568,-1512,-143,146,-45
4295,-184,-1576,-1512,-140,147,-45
4300,-184,-1552,-1520,-135,149,-48
4305,-160,-1584,-1544,-132,150,-48
4310,-144,-1600,-1552,-128,151,-52
4315,-176,-1584,-1520,-122,153,-56
4320,-160,-1608,-1552,-119,156,-59
4325,-184,-1576,-1552,-115,160,-61
4330,-176,-1576,-1568,-112,163,-64
4335,-160,-1568,-1576,-108,165,-66
4340,-160,-1600,-1544,-104,168,-66
4345,-184,-1576,-1528,-100,171,-68
4350,-184,-1576,-1544,-100,174,-66
4355,-192,-1560,-1536,-99,173,-67
4360,-176,-1560,-1528,-98,175,-66
4365,-192,-1560,-1544,-97,177,-64
4370,-184,-1544,-1544,-98,177,-60
4375,-168,-1568,-1576,-98,177,-57
4380,-200,-1536,-1576,-100,177,-56
4385,-200,-1544,-1512,-101,178,-51
4390,-160,-1544,-1560,-105,179,-48
4395,-208,-1536,-1544,-107,179,-45
4400,-200,-1536,-1536,-107,180,-42
4405,-176,-1560,-1528,-106,182,-38
4410,-200,-1544,-1560,-108,181,-36
4415,-160,-1568,-1552,-107,183,-33
4420,-160,-1568,-1536,-107,184,-28
4425,-176,-1560,-1576,-104,183,-24
4430,-160,-1560,-1560,-100,184,-21
4435,-144,-1536,-1544,-100,186,-17
4440,-192,-1536,-1536,-96,188,-14
4445,-208,-1544,-1576,-99,191,-10
4450,-152,-1536,-1552,-99,194,-7
4455,-136,-1552,-1568,-105,199,-3
4460,-128,-1536,-1584,-111,204,2
4465,-128,-1536,-1552,-117,210,5
4470,-128,-1528,-1568,-126,216,10
4475,-128,-1536,-1568,-132,222,13
4480,-120,-1560,-1624,-140,230,17
4485,-112,-1568,-1608,-147,236,18
4490,-120,-1552,-1600,-152,243,20
4495,-64,-1568,-1536,-156,248,23
4500,-104,-1552,-1584,-160,253,25
4505,-112,-1536,-1592,-161,257,30
4510,-104,-1552,-1584,-164,260,33
4515,-104,-1536,-1624,-166,262,36
4520,-120,-1536,-1568,-166,265,39
4525,-112,-1536,-1584,-164,265,41
4530,-128,-1560,-1616,-163,269,44
4535,-104,-1544,-1600,-161,274,46
4540,-128,-1552,-1600,-161,279,49
4545,-120,-1560,-1608,-158,284,50
4550,-96,-1544,-1640,-155,290,50
4555,-120,-1552,-1640,-154,294,51
4560,-120,-1552,-1608,-155,300,50
4565,-120,-1544,-1640,-154,305,51
4570,-112,-1528,-1600,-158,310,53
4575,-120,-1536,-1624,-164,314,54
4580,-128,-1528,-1632,-167,317,54
4585,-120,-1504,-1608,-172,319,55
4590,-120,-1512,-1616,-175,323,58
4595,-136,-1520,-1664,-181,327,61
4600,-112,-1528,-1632,-188,331,63
4605,-120,-1504,-1664,-192,332,66
4610,-128,-1504,-1632,-198,333,68
4615,-128,-1488,-1624,-204,335,71
4620,-128,-1504,-1632,-209,334,73
4625,-128,-1512,-1640,-213,333,73
4630,-128,-1496,-1640,-214,332,76
4635,-128,-1488,-1608,-216,329,80
4640,-128,-1504,-1616,-217,327,80
4645,-128,-1504,-1632,-217,324,80
4650,-128,-1504,-1600,-216,323,80
4655,-128,-1496,-1608,-215,325,79
4660,-160,-1472,-1600,-211,324,76
4665,-128,-1504,-1608,-209,321,75
4670,-128,-1472,-1640,-207,323,70
4675,-128,-1472,-1624,-205,322,67
4680,-128,-1472,-1640,-206,322,59
4685,-136,-1456,-1616,-206,323,56
4690,-128,-1440,-1640,-209,326,52
4695,-120,-1432,-1648,-210,327,48
4700,-112,-1440,-1640,-214,329,46
4705,-120,-1424,-1624,-221,331,45
4710,-96,-1432,-1616,-224,332,44
4715,-120,-1384,-1656,-228,335,46
4720,-96,-1424,-1592,-230,338,48
4725,-104,-1400,-1608,-231,344,51
4730,-96,-1424,-1584,-235,345,55
4735,-72,-1424,-1576,-237,348,59
4740,-96,-1400,-1568,-234,351,64
4745,-72,-1432,-1560,-231,353,70
4750,-80,-1408,-1552,-225,356,73
4755,-80,-1408,-1536,-219,357,76
4760,-96,-1392,-1528,-211,355,78
4765,-72,-1368,-1504,-201,354,78
4770,-72,-1376,-1544,-192,351,80
4775,-72,-1376,-1536,-180,348,79
4780,-88,-1368,-1544,-170,346,79
4785,-80,-1328,-1512,-162,344,78
4790,-112,-1344,-1552,-153,343,77
4795,-80,-1312,-1520,-146,345,77
4800,-104,-1296,-1512,-140,349,76
4805,-96,-1304,-1520,-134,354,76
4810,-104,-1288,-1504,-130,360,77
4815,-104,-1272,-1504,-129,369,77
4820,-80,-1288,-1504,-127,377,81
4825,-80,-1272,-1440,-127,385,83
4830,-104,-1280,-1480,-130,395,86
4835,-104,-1256,-1504,-130,404,89
4840,-120,-1256,-1488,-131,412,93
4845,-80,-1280,-1496,-133,419,100
4850,-104,-1288,-1520,-136,426,106
4855,-96,-1272,-1512,-136,431,115
4860,-80,-1280,-1504,-136,438,124
4865,-128,-1272,-1520,-133,443,132
4870,-160,-1240,-1520,-128,446,144
4875,-128,-1280,-1496,-123,450,157
4880,-120,-1304,-1512,-116,451,167
4885,-136,-1264,-1536,-109,454,178
4890,-176,-1256,-1536,-102,455,186
4895,-160,-1240,-1552,-95,455,195
4900,-152,-1216,-1536,-90,453,202
4905,-152,-1216,-1528,-87,452,209
4910,-184,-1192,-1544,-83,456,218
4915,-136,-1208,-1592,-81,459,227
4920,-168,-1168,-1560,-82,462,231
4925,-152,-1160,-1536,-84,461,237
4930,-152,-1152,-1536,-89,463,243
4935,-112,-1144,-1520,-95,463,248
4940,-128,-1144,-1520,-106,462,256
4945,-160,-1104,-1504,-116,461,261
4950,-152,-1144,-1488,-128,458,266
4955,-176,-1112,-1496,-137,455,274
4960,-192,-1104,-1464,-144,453,282
4965,-192,-1080,-1488,-149,452,293
4970,-184,-1096,-1448,-158,448,301
4975,-216,-1080,-1464,-164,443,314
4980,-264,-1096,-1480,-171,433,330
4985,-272,-1096,-1472,-180,418,346
4990,-272,-1088,-1472,-187,405,364
4995,-288,-1096,-1480,-198,397,379
5000,-280,-1080,-1504,-203,393,395
5005,-272,-1080,-1488,-210,388,408
5010,-288,-1056,-1472,-218,385,419
5015,-272,-1064,-1504,-222,379,435
5020,-272,-1072,-1520,-222,372,448
5025,-288,-1080,-1488,-224,370,463
5030,-248,-1072,-1544,-229,369,477
5035,-288,-1080,-1488,-239,366,489
5040,-280,-1064,-1512,-241,358,506
5045,-264,-1072,-1536,-245,354,521
5050,-256,-1072,-1536,-251,358,537
5055,-280,-1064,-1520,-258,365,554
5060,-272,-1024,-1520,-266,375,563
5065,-264,-1056,-1496,-270,382,582
5070,-256,-1048,-1504,-265,390,596
5075,-248,-1008,-1504,-262,398,610
5080,-248,-1000,-1432,-255,408,616
5085,-248,-1024,-1448,-240,425,618
5090,-264,-1016,-1448,-228,433,626
5095,-304,-1008,-1408,-230,426,644
5100,-264,-1032,-1440,-228,415,644
5105,-280,-944,-1448,-215,410,641
5110,-280,-928,-1408,-208,414,648
5115,-256,-920,-1416,-198,416,636
5120,-208,-872,-1416,-197,423,624
5125,-256,-856,-1368,-196,431,605
5130,-160,-872,-1424,-186,443,582
5135,-224,-872,-1328,-182,474,555
5140,-264,-840,-1336,-172,501,532
5145,-144,-888,-1352,-147,532,493
5150,-136,-912,-1296,-116,567,461
5155,-216,-928,-1296,-67,598,426
5160,-192,-912,-1336,-9,639,405
5165,-264,-872,-1248,24,674,377
5170,-176,-912,-1288,72,705,345
5175,-344,-904,-1296,120,739,304
5180,-72,-928,-1320,164,748,283
5185,-208,-968,-1280,186,748,258
5190,-280,-952,-1256,197,746,229
5195,-160,-1024,-1184,213,745,201
5200,-72,-968,-1240,237,751,168
5205,-304,-1064,-1200,269,755,129
5210,-200,-1000,-1224,331,762,79
5215,-312,-1144,-1144,404,776,28
5220,-320,-1152,-1200,481,789,-25
5225,-296,-1112,-1168,549,792,-72
5230,-200,-1104,-1168,622,795,-117
5235,0,-1112,-1168,699,801,-172
5240,8,-1032,-1104,771,795,-217
5245,-136,-1096,-1120,836,796,-270
5250,-80,-1128,-1120,903,789,-310
5255,-24,-1104,-1104,960,791,-368
5260,-152,-1064,-1152,1013,785,-417
5265,112,-1080,-1168,1067,776,-459
5270,120,-1160,-1056,1111,772,-508
5275,-40,-1176,-1096,1157,759,-555
5280,40,-1136,-1080,1199,754,-595
5285,-256,-1216,-1040,1255,752,-653
5290,96,-1280,-920,1322,746,-696
5295,120,-1376,-896,1406,746,-736
5300,8,-1400,-896,1504,749,-794
5305,96,-1384,-992,1632,752,-839
5310,80,-1616,-968,1769,761,-889
5315,-8,-1688,-872,1906,769,-931
5320,104,-1752,-1040,2057,768,-971
5325,264,-1952,-1056,2211,768,-1012
5330,48,-2280,-1088,2371,782,-1065
5335,136,-2448,-1056,2547,811,-1123
5340,264,-2712,-1208,2774,863,-1186
5345,416,-3032,-1488,3008,947,-1265
5350,408,-3200,-1944,3202,1035,-1366
5355,568,-3136,-2328,3287,1078,-1446
5360,776,-3080,-2808,3273,1107,-1558
5365,928,-2944,-2960,3190,1173,-1664
5370,1168,-2920,-2968,3065,1246,-1762
5375,1728,-2992,-2920,2911,1313,-1858
5380,2344,-3280,-2808,2731,1391,-1961
5385,2912,-3936,-2552,2550,1495,-2046
5390,3536,-4792,-2504,2444,1633,-2131
5395,4432,-5704,-2544,2420,1794,-2198
5400,5712,-6736,-3040,2465,2034,-2291
5405,6968,-7584,-3464,2531,2350,-2482
5410,8784,-7896,-4320,2682,2678,-2747
5415,9792,-7624,-4760,2905,3053,-3091
5420,9808,-7008,-4632,3252,3270,-3432
5425,8224,-5592,-3472,3648,3296,-3743
5430,6096,-5288,-1976,3972,3024,-3948
5435,4568,-6144,-1280,4270,2639,-4047
5440,3544,-6592,-1112,4617,2234,-4321
5445,1776,-6208,-512,4765,1861,-4700
5450,600,-5000,16,4636,1406,-4983
5455,-864,-4080,560,4323,990,-4958
5460,-1808,-2880,424,3987,656,-4714
5465,-2264,-1784,200,3553,510,-4291
5470,-2408,-840,240,3000,421,-3794
5475,-2504,-312,248,2323,232,-3314
5480,-2128,-168,0,1609,-32,-2933
5485,-1680,-320,-416,864,-192,-2793
5490,-1200,-296,-704,173,-225,-2833
5495,-1040,-280,-768,-362,-171,-2937
5500,-824,-280,-696,-658,-68,-3015
5505,-656,-592,-496,-730,62,-3017
5510,-584,-1120,-320,-585,229,-2967
5515,-368,-1656,-192,-256,438,-2904
5520,-288,-2136,-160,233,645,-2864
5525,-136,-2416,-112,860,755,-2815
5530,-72,-2456,-48,1553,712,-2774
5535,-24,-2216,-200,2211,571,-2757
5540,-48,-1848,-312,2708,373,-2769
5545,-72,-1528,-448,3003,157,-2812
5550,-288,-1104,-560,3121,-57,-2882
5555,-448,-752,-624,3063,-271,-2942
5560,-400,-488,-592,2895,-456,-2986
5565,-352,-216,-432,2709,-579,-3047
5570,-392,40,-344,2506,-668,-3124
5575,-336,264,-232,2259,-737,-3202
5580,-72,480,-256,1979,-763,-3271
5585,296,560,-152,1648,-739,-3313
5590,536,528,-48,1343,-663,-3349
5595,752,448,24,1141,-571,-3366
5600,936,296,104,1044,-485,-3367
5605,1064,112,200,1024,-415,-3359
5610,1168,-144,400,1041,-370,-3360
5615,1224,-328,488,1092,-340,-3357
5620,1264,-592,584,1164,-304,-3348
5625,1224,-808,640,1271,-280,-3349
5630,1240,-896,696,1395,-238,-3336
5635,1304,-1024,736,1526,-147,-3307
5640,1304,-1048,712,1677,-22,-3266
5645,1368,-952,592,1845,117,-3226
5650,1488,-664,488,1954,287,-3195
5655,1496,-504,512,2005,464,-3165
5660,1584,-160,496,2035,600,-3167
5665,1632,296,488,2009,702,-3215
5670,1664,536,440,1909,776,-3262
5675,1880,856,408,1752,814,-3286
5680,2200,1232,392,1539,852,-3306
5685,2432,1496,448,1285,913,-3316
5690,2864,1872,464,1021,978,-3330
5695,3168,2272,688,707,1099,-3356
5700,3488,2544,848,370,1209,-3370
5705,3736,2712,968,59,1273,-3372
5710,4384,2696,904,-179,1307,-3336
5715,4440,2536,728,-331,1311,-3247
5720,4512,2168,480,-372,1220,-2985
5725,4840,1744,160,-274,1020,-2586
5730,4936,1392,-192,-81,762,-2144
5735,4784,1192,-480,146,436,-1734
5740,4584,1264,-712,345,64,-1376
5745,4208,1288,-896,456,-329,-1029
5750,3928,1360,-1056,481,-771,-686
5755,3496,1280,-1112,451,-1152,-303
5760,2944,1248,-984,434,-1430,131
5765,2560,1216,-832,433,-1711,476
5770,2128,1280,-616,465,-1947,760
5775,1608,1008,-144,551,-2073,1078
5780,2120,1128,104,669,-2145,1256
5785,1720,1112,464,769,-2135,1212
5790,2072,1120,752,922,-2141,1183
5795,2472,1192,912,1020,-2062,1118
5800,2448,1160,1248,1031,-1893,1026
5805,2496,1552,1248,990,-1762,865
5810,2400,1560,1360,832,-1562,758
5815,2144,1312,1464,640,-1341,690
5820,1808,1536,1072,457,-1136,536
5825,1408,1272,736,322,-833,506
5830,992,1024,416,230,-507,475
5835,760,992,144,122,-227,379
5840,680,904,-56,-45,7,272
5845,560,856,-160,-222,200,183
5850,512,816,-208,-369,328,112
5855,528,864,-240,-462,400,53
5860,584,824,-280,-485,424,5
5865,664,776,-296,-443,393,-23
5870,728,712,-296,-350,320,-23
5875,784,688,-272,-226,206,-3
5880,816,720,-256,-87,65,38
5885,960,744,-192,41,-93,76
5890,1080,856,-136,141,-244,104
5895,1208,936,-64,210,-378,127
5900,1352,976,32,256,-478,150
5905,1456,1024,144,278,-534,156
5910,1616,1056,184,279,-557,129
5915,1784,1008,296,263,-527,90
5920,1864,976,368,222,-445,29
5925,1904,920,376,163,-336,-39
5930,2040,856,328,84,-225,-100
5935,2072,768,328,-24,-107,-132
5940,2080,744,200,-116,-17,-150
5945,2120,792,160,-204,74,-177
5950,2160,816,48,-289,130,-201
5955,2264,848,-24,-359,173,-221
5960,2208,752,-96,-406,188,-244
5965,2200,736,-192,-406,171,-255
5970,2296,744,-360,-390,159,-240
5975,2328,656,-384,-372,161,-208
5980,2336,512,-360,-329,152,-154
5985,2368,408,-456,-235,114,-100
5990,2352,248,-464,-147,69,-51
5995,2376,128,-488,-63,22,-9
6000,2408,232,-584,-4,6,36
6005,2464,280,-576,42,-1,86
6010,2496,280,-512,85,-20,132
6015,2528,320,-504,126,-46,169
6020,2544,416,-432,154,-69,206
6025,2568,384,-312,183,-94,238
6030,2560,392,-224,230,-126,257
6035,2616,376,-72,282,-162,277
6040,2592,360,-88,344,-204,289
6045,2488,336,-40,395,-252,299
6050,2408,352,-112,444,-312,306
6055,2328,376,-120,475,-382,316
6060,2208,304,-152,508,-438,323
6065,2120,264,-144,534,-484,347
6070,2128,256,-184,551,-528,361
6075,2024,336,-256,562,-560,363
6080,2080,288,-248,568,-589,364
6085,1864,400,-224,576,-604,362
6090,2056,448,-208,577,-616,370
6095,2120,456,-176,577,-614,377
6100,2168,432,-176,582,-610,366
6105,2240,432,-128,591,-605,352
6110,2280,328,-104,612,-602,325
6115,2368,328,-64,638,-598,300
6120,2400,232,-152,672,-592,270
6125,2344,232,-200,697,-588,251
6130,2288,200,-240,719,-595,232
6135,2272,232,-352,731,-615,199
6140,2304,240,-384,730,-639,165
6145,2200,272,-448,712,-667,146
6150,2152,312,-536,663,-674,134
6155,2128,320,-536,577,-654,127
6160,2040,296,-552,481,-626,115
6165,2024,304,-472,384,-592,107
6170,2008,256,-464,295,-562,100
6175,2024,240,-440,228,-540,96
6180,2000,288,-424,180,-523,104
6185,1936,232,-424,134,-498,128
6190,1896,256,-504,93,-470,151
6195,1896,248,-520,49,-438,179
6200,1920,232,-544,10,-412,201
6205,1952,208,-528,-19,-386,226
6210,1976,144,-544,-31,-356,250
6215,2024,128,-624,-31,-322,269
6220,2056,120,-688,-28,-283,287
6225,2096,128,-648,-36,-241,303
6230,2128,112,-704,-39,-203,318
6235,2152,96,-720,-36,-164,325
6240,2184,48,-760,-35,-127,325
6245,2264,72,-736,-42,-93,320
6250,2232,56,-760,-48,-54,314
6255,2248,24,-776,-51,-18,309
6260,2280,0,-728,-55,17,300
6265,2304,-16,-720,-59,58,293
6270,2312,-16,-688,-53,88,281
6275,2312,-16,-704,-43,94,249
6280,2392,0,-704,-46,104,222
6285,2432,-8,-696,-46,115,189
6290,2424,0,-688,-44,127,165
6295,2408,0,-696,-42,134,144
6300,2424,0,-656,-43,143,121
6305,2424,8,-648,-43,157,107
6310,2424,0,-608,-47,167,95
6315,2416,0,-608,-57,175,79
6320,2424,0,-576,-72,186,59
6325,2400,8,-592,-87,206,44
6330,2368,8,-584,-102,221,25
6335,2320,24,-480,-119,229,0
6340,2296,16,-488,-132,225,-24
6345,2264,16,-480,-144,221,-40
6350,2232,48,-440,-149,219,-54
6355,2216,48,-472,-172,243,-51
6360,2120,32,-416,-186,250,-49
6365,2080,0,-368,-193,234,-55
6370,2072,16,-320,-189,213,-64
6375,2072,48,-312,-182,200,-76
6380,2008,72,-320,-175,188,-86
6385,2000,80,-328,-174,180,-82
6390,1976,80,-328,-173,177,-73
6395,1992,64,-304,-170,176,-61
6400,1968,72,-288,-168,176,-49
6405,1968,104,-280,-166,179,-41
6410,2008,120,-280,-170,180,-33
6415,1976,136,-336,-174,184,-26
6420,1984,128,-312,-180,188,-18
6425,1992,160,-328,-185,191,-10
6430,2016,168,-336,-189,194,-4
6435,2032,112,-296,-189,196,1
6440,2088,120,-288,-190,198,4
6445,2080,120,-328,-189,198,5
6450,2080,104,-296,-185,194,4
6455,2104,128,-344,-182,190,3
6460,2112,104,-312,-178,184,0
6465,2128,120,-320,-178,177,-4
6470,2152,96,-368,-173,171,-8
6475,2152,88,-320,-167,166,-11
6480,2152,88,-336,-160,159,-12
6485,2160,56,-344,-151,152,-14
6490,2176,80,-328,-141,145,-16
6495,2200,112,-336,-132,138,-20
6500,2144,112,-328,-121,131,-22
6505,2160,112,-320,-111,123,-23
6510,2152,112,-336,-103,118,-23
6515,2144,120,-312,-96,113,-23
6520,2136,152,-328,-88,107,-23
6525,2136,144,-344,-80,101,-22
6530,2136,120,-328,-75,94,-23
6535,2152,128,-312,-69,88,-22
6540,2152,144,-312,-66,83,-21
6545,2136,120,-312,-62,78,-19
6550,2160,160,-304,-61,73,-20
6555,2136,136,-328,-57,68,-19
6560,2112,120,-320,-56,61,-19
6565,2112,128,-312,-57,58,-19
6570,2104,136,-288,-57,48,-17
6575,2080,120,-296,-53,39,-15
6580,2064,128,-264,-47,27,-12
6585,2080,112,-320,-45,17,-13
6590,2064,120,-288,-44,10,-14
6595,2056,144,-296,-43,1,-13
6600,2056,136,-280,-42,-9,-14
6605,2056,88,-368,-38,-16,-15
6610,2056,112,-280,-35,-23,-13
6615,2040,128,-288,-29,-32,-15
6620,2032,136,-256,-26,-39,-17
6625,2040,136,-296,-23,-48,-18
6630,2072,128,-312,-22,-54,-20
6635,2080,120,-296,-21,-59,-20
6640,2064,128,-288,-18,-62,-19
6645,2072,120,-328,-18,-64,-19
6650,2048,160,-304,-17,-65,-18
6655,2080,128,-320,-18,-66,-19
6660,2056,160,-296,-19,-66,-20
6665,2080,160,-320,-19,-65,-19
6670,2080,176,-344,-22,-65,-17
6675,2104,144,-368,-23,-63,-16
6680,2112,168,-368,-26,-62,-14
6685,2136,152,-384,-27,-62,-14
6690,2152,184,-360,-29,-61,-13
6695,2112,200,-368,-34,-58,-13
6700,2168,176,-400,-37,-53,-13
6705,2168,176,-368,-39,-52,-15
6710,2184,184,-408,-42,-51,-14
6715,2168,128,-432,-45,-49,-16
6720,2208,152,-424,-49,-45,-18
6725,2200,128,-424,-54,-43,-19
6730,2192,144,-424,-59,-41,-20
6735,2176,136,-424,-61,-37,-23
6740,2208,144,-424,-65,-33,-23
6745,2184,160,-464,-67,-29,-22
6750,2176,120,-448,-67,-25,-23
6755,2200,120,-440,-71,-20,-21
6760,2168,144,-416,-72,-16,-23
6765,2152,160,-392,-73,-9,-23
6770,2152,88,-456,-74,-2,-22
6775,2152,160,-392,-76,2,-21
6780,2128,152,-416,-76,8,-23
6785,2152,144,-384,-76,13,-23
6790,2136,144,-400,-79,19,-23
6795,2120,144,-408,-81,25,-21
6800,2128,160,-384,-81,29,-20
6805,2128,152,-384,-81,34,-20
6810,2096,168,-416,-80,40,-21
6815,2112,136,-408,-77,45,-18
6820,2128,128,-376,-73,50,-18
6825,2128,96,-408,-71,53,-17
6830,2120,144,-400,-70,57,-16
6835,2104,152,-360,-70,61,-15
6840,2104,160,-368,-72,63,-14
6845,2104,144,-384,-72,66,-15
6850,2104,168,-352,-73,66,-14
6855,2088,152,-328,-71,66,-13
6860,2128,160,-360,-71,63,-11
6865,2104,184,-328,-71,61,-11
6870,2152,144,-312,-68,56,-10
6875,2112,152,-336,-69,52,-7
6880,2120,120,-352,-67,49,-6
6885,2120,168,-352,-67,45,-6
6890,2120,144,-376,-67,40,-4
6895,2120,144,-352,-67,38,-4
6900,2128,160,-344,-64,36,-2
6905,2120,152,-360,-63,35,-3
6910,2168,104,-376,-60,34,-2
6915,2136,136,-352,-59,34,-1
6920,2128,152,-384,-58,34,-2
6925,2128,152,-384,-58,36,-2
6930,2144,144,-360,-56,35,-5
6935,2112,160,-368,-55,37,-2
6940,2120,168,-360,-52,37,-5
6945,2160,144,-336,-51,38,-7
6950,2128,152,-376,-50,37,-6
6955,2152,136,-400,-48,37,-5
6960,2120,160,-360,-44,36,-5
6965,2152,160,-352,-43,35,-6
6970,2104,160,-352,-41,33,-4
6975,2120,120,-368,-40,31,-3
6980,2112,120,-336,-36,30,-1
6985,2136,168,-328,-35,28,-1
6990,2112,128,-360,-34,26,0
6995,2120,136,-328,-34,24,0
7000,2120,136,-376,-31,21,2
7005,2112,160,-336,-32,20,1
7010,2120,144,-320,-32,16,2
7015,2120,152,-328,-32,12,3
7020,2104,112,-384,-33,11,3
7025,2096,120,-320,-32,9,2
7030,2144,120,-328,-32,7,2
7035,2104,152,-360,-34,7,2
7040,2136,184,-296,-32,5,2
7045,2096,152,-336,-35,4,1
7050,2112,144,-328,-37,5,-1
7055,2136,144,-360,-39,4,-1
7060,2136,136,-328,-38,3,0
7065,2120,136,-344,-40,3,0
7070,2128,144,-360,-42,2,-1
7075,2152,152,-352,-45,0,-1
7080,2152,120,-368,-44,1,-2
7085,2152,144,-384,-46,1,-1
7090,2152,120,-376,-46,2,-3
7095,2224,120,-344,-46,2,-4
7100,2144,144,-392,-46,3,-6
7105,2120,144,-352,-47,4,-7
7110,2128,152,-384,-47,6,-9
7115,2136,136,-384,-49,8,-11
7120,2128,136,-384,-51,8,-14
7125,2136,136,-368,-52,11,-15
7130,2144,120,-384,-54,12,-16
7135,2136,112,-392,-56,11,-17
7140,2112,136,-360,-58,14,-18
7145,2128,152,-384,-58,14,-21
7150,2112,184,-448,-60,15,-20
7155,2152,152,-392,-60,17,-20
7160,2120,152,-376,-60,16,-19
7165,2120,144,-368,-61,16,-20
7170,2120,176,-360,-62,18,-20
7175,2128,152,-384,-63,18,-20
7180,2144,168,-352,-64,17,-18
7185,2136,152,-344,-63,18,-19
7190,2080,160,-344,-62,19,-19
7195,2120,160,-384,-63,20,-18
7200,2136,160,-368,-62,21,-17
7205,2128,128,-376,-61,23,-17
7210,2144,168,-368,-64,24,-17
7215,2144,128,-360,-64,25,-18
7220,2152,160,-360,-63,26,-16
7225,2144,168,-368,-63,28,-14
7230,2136,168,-360,-63,27,-15
7235,2136,160,-344,-61,29,-14
7240,2112,152,-328,-60,29,-14
7245,2120,136,-392,-60,31,-14
7250,2136,136,-384,-61,33,-13
7255,2104,168,-392,-62,34,-13
7260,2136,168,-392,-60,37,-13
7265,2128,152,-344,-58,37,-12
7270,2120,168,-344,-57,38,-11
7275,2112,176,-352,-55,39,-11
7280,2136,152,-352,-54,40,-9
7285,2128,144,-352,-51,39,-8
7290,2128,176,-376,-50,40,-7
7295,2112,176,-352,-49,40,-6
7300,2128,160,-344,-49,40,-6
7305,2088,192,-344,-48,38,-6
7310,2112,176,-360,-46,38,-4
7315,2160,208,-232,-44,39,-2
7320,2128,144,-360,-43,39,-4
7325,2120,152,-336,-41,39,-3
7330,2120,136,-328,-40,36,-3
7335,2128,136,-392,-39,34,-2
7340,2136,152,-328,-37,34,-2
7345,2120,136,-336,-35,32,-3
7350,2120,144,-384,-29,29,-4
7355,2120,152,-360,-30,29,-4
7360,2152,160,-344,-30,29,-5
7365,2144,168,-344,-32,29,-6
7370,2048,112,-368,-34,30,-8
7375,2128,176,-320,-35,29,-8
7380,2104,152,-352,-37,30,-10
7385,2136,152,-344,-39,30,-10
7390,2144,176,-344,-40,34,-8
7395,2144,176,-328,-42,34,-9
7400,2144,144,-360,-43,36,-8
7405,2152,184,-352,-40,36,-6
7410,2120,128,-352,-38,37,-6
7415,2128,160,-376,-38,38,-5
7420,2136,176,-320,-38,38,-5
7425,2152,192,-272,-38,40,-4
7430,2128,176,-360,-36,42,-3
7435,2136,136,-336,-37,42,-4
7440,2128,128,-360,-36,44,-4
7445,2120,152,-352,-36,46,-4
7450,2112,160,-352,-38,46,-4
7455,2152,136,-344,-40,48,-5
7460,2120,136,-328,-43,49,-7
7465,2120,128,-328,-46,50,-6
7470,2120,136,-320,-48,50,-7
7475,2104,72,-344,-51,50,-8
7480,2120,152,-376,-56,50,-8
7485,2120,152,-352,-57,48,-10
7490,2120,152,-344,-59,47,-10
7495,2104,136,-352,-58,43,-10
7500,2128,160,-352,-57,41,-12
7505,2128,144,-352,-59,44,-10
7510,2128,168,-352,-60,43,-12
7515,2144,144,-336,-62,44,-15
7520,2168,136,-336,-62,43,-15
7525,2144,160,-328,-64,42,-16
7530,2080,144,-288,-63,42,-17
7535,2136,160,-336,-64,44,-17
7540,2144,160,-344,-63,43,-16
7545,2128,152,-344,-62,44,-16
7550,2144,168,-336,-63,43,-16
7555,2120,160,-304,-62,43,-17
7560,2136,160,-336,-59,42,-15
7565,2120,160,-336,-58,41,-15
7570,2136,128,-328,-58,41,-13
7575,2104,136,-344,-55,40,-14
7580,2104,144,-336,-50,39,-13
7585,2144,120,-360,-51,42,-12
7590,2160,160,-344,-51,42,-10
7595,2136,168,-320,-49,43,-10
7600,2112,168,-312,-52,44,-11
7605,2128,160,-320,-54,45,-12
7610,2128,144,-320,-56,46,-12
7615,2112,152,-344,-56,45,-12
7620,2144,160,-360,-57,46,-12
7625,2152,168,-360,-56,46,-12
7630,2120,160,-344,-54,45,-11
7635,2096,184,-288,-54,45,-13
7640,2176,168,-344,-53,44,-10
7645,2120,128,-328,-51,41,-11
7650,2144,144,-304,-52,42,-11
7655,2128,152,-360,-51,40,-13
7660,2120,160,-344,-51,40,-13
7665,2120,168,-320,-52,40,-14
7670,2136,168,-328,-53,40,-11
7675,2136,160,-360,-54,40,-10
7680,2136,160,-328,-52,39,-9
7685,2136,152,-312,-49,37,-9
7690,2136,136,-344,-46,36,-9
7695,2152,168,-264,-48,37,-10
7700,2144,160,-336,-47,36,-9
7705,2144,144,-336,-48,36,-9
7710,2128,144,-336,-48,39,-8
7715,2120,168,-336,-46,40,-8
7720,2120,152,-336,-47,41,-10
7725,2104,168,-336,-47,42,-12
7730,2120,176,-352,-46,43,-13
7735,2112,152,-352,-50,46,-15
7740,2112,160,-336,-50,45,-15
7745,2128,176,-360,-51,48,-16
7750,2136,112,-336,-53,49,-16
7755,2120,160,-368,-53,50,-15
7760,2136,168,-376,-55,50,-14
7765,2136,200,-320,-56,51,-17
7770,2144,176,-360,-58,52,-16
7775,2128,160,-320,-56,53,-17
7780,2136,160,-312,-57,53,-14
7785,2160,128,-328,-59,54,-13
7790,2160,176,-296,-58,55,-13
7795,2104,176,-352,-57,55,-13
7800,2120,184,-344,-58,55,-13
7805,2152,192,-336,-56,53,-11
7810,2176,168,-328,-58,51,-10
7815,2096,168,-304,-56,51,-10
7820,2136,152,-320,-56,49,-10
7825,2144,184,-320,-56,47,-10
7830,2112,184,-288,-58,46,-9
7835,2136,160,-304,-54,47,-8
7840,2120,152,-344,-54,47,-9
7845,2128,160,-320,-54,46,-9
7850,2160,128,-360,-55,47,-9
7855,2112,168,-328,-53,48,-9
7860,2104,176,-312,-54,49,-9
7865,2136,168,-320,-54,49,-9
7870,2120,168,-312,-52,47,-8
7875,2120,192,-320,-52,48,-7
7880,2144,152,-312,-50,48,-9
7885,2120,160,-296,-51,49,-9
7890,2136,160,-288,-50,49,-10
7895,2112,176,-352,-51,49,-10
7900,2128,160,-328,-52,48,-10
7905,2160,144,-344,-51,48,-11
7910,2112,160,-336,-50,47,-10
7915,2072,160,-296,-51,48,-11
7920,2096,160,-320,-47,43,-13
7925,2136,152,-296,-45,41,-13
7930,2112,168,-304,-47,43,-11
7935,2144,152,-320,-50,43,-9
7940,2136,168,-280,-50,42,-12
7945,2128,176,-312,-53,42,-12
7950,2112,168,-288,-56,43,-10
7955,2128,160,-312,-56,43,-10
7960,2128,152,-328,-56,44,-9
7965,2120,128,-312,-54,45,-12
7970,2136,168,-296,-53,44,-12
7975,2128,160,-312,-53,44,-12
7980,2120,176,-312,-52,43,-12
7985,2144,160,-304,-53,42,-12
7990,2160,144,-304,-52,43,-12
7995,2104,152,-304,-51,41,-11
8000,2120,144,-312,-50,40,-11
8005,2152,136,-280,-49,41,-11
8010,2128,176,-312,-47,40,-12
8015,2112,168,-320,-45,38,-12
8020,2128,192,-272,-46,37,-10
8025,2128,160,-328,-46,37,-10
8030,2128,152,-288,-46,36,-10
8035,2144,152,-296,-46,34,-10
8040,2120,152,-288,-46,33,-11
8045,2144,152,-304,-48,32,-12
8050,2136,152,-296,-48,30,-10
8055,2112,176,-312,-49,29,-11
8060,2120,136,-344,-49,29,-11
8065,2144,168,-312,-47,29,-10
8070,2144,152,-312,-46,29,-9
8075,2144,176,-328,-46,30,-10
8080,2112,144,-304,-43,28,-10
8085,2128,152,-304,-40,26,-11
8090,2128,152,-320,-41,28,-12
8095,2120,160,-296,-42,29,-12
8100,2112,168,-304,-44,29,-12
8105,2112,192,-296,-43,33,-13
8110,2136,152,-304,-43,34,-13
8115,2144,144,-288,-43,36,-14
8120,2120,168,-296,-42,37,-14
8125,2088,160,-280,-43,40,-16
8130,2104,200,-280,-47,43,-17
8135,2136,176,-312,-47,43,-17
8140,2112,184,-320,-47,43,-17
8145,2136,152,-296,-49,44,-17
8150,2112,184,-296,-50,43,-17
8155,2104,176,-312,-53,42,-16
8160,2136,152,-304,-53,42,-15
8165,2136,160,-296,-53,40,-14
8170,2120,176,-312,-53,41,-15
8175,2144,152,-280,-54,39,-15
8180,2112,200,-272,-55,37,-13
8185,2104,208,-280,-55,35,-13
8190,2152,176,-296,-54,33,-12
8195,2136,184,-280,-52,30,-12
8200,2136,176,-280,-51,28,-10
8205,2136,160,-312,-50,25,-9
8210,2104,160,-288,-50,23,-8
8215,2128,192,-288,-49,20,-8
8220,2120,176,-288,-48,17,-8
8225,2144,192,-288,-46,16,-6
8230,2128,152,-288,-47,17,-6
8235,2120,144,-320,-46,17,-5
8240,2104,168,-280,-45,19,-6
8245,2144,168,-256,-47,19,-5
8250,2112,176,-288,-48,19,-5
8255,2112,176,-288,-46,20,-5
8260,2128,160,-264,-47,21,-6
8265,2136,152,-296,-47,20,-5
8270,2120,184,-288,-46,22,-5
8275,2112,192,-280,-46,22,-5
8280,2120,144,-288,-47,22,-4
8285,2096,176,-312,-45,21,-6
8290,2112,184,-296,-45,22,-7
8295,2120,160,-224,-46,23,-5
8300,2112,176,-280,-46,24,-5
8305,2120,152,-328,-44,23,-6
8310,2120,192,-304,-46,24,-6
8315,2128,160,-272,-45,22,-5
8320,2144,176,-272,-45,22,-6
8325,2120,176,-272,-44,22,-6
8330,2128,176,-344,-43,21,-6
8335,2128,176,-280,-45,20,-6
8340,2144,200,-312,-46,21,-6
8345,2128,160,-296,-46,21,-4
8350,2128,184,-328,-44,21,-5
8355,2136,176,-304,-46,21,-6
8360,2112,184,-320,-46,22,-5
8365,2120,168,-304,-47,22,-6
8370,2120,168,-304,-48,22,-6
8375,2120,152,-256,-47,21,-7
8380,2144,160,-280,-46,20,-7
8385,2104,176,-320,-46,21,-6
8390,2160,176,-312,-47,22,-7
8395,2128,192,-296,-47,21,-6
8400,2112,168,-312,-48,19,-6
8405,2128,176,-312,-48,18,-7
8410,2136,176,-304,-48,15,-5
8415,2128,184,-288,-49,14,-5
8420,2128,176,-336,-49,12,-4
8425,2144,168,-280,-50,9,-3
8430,2120,152,-264,-50,6,-2
8435,2128,176,-288,-50,4,-2
8440,2168,160,-288,-51,2,-1
8445,2120,160,-344,-51,-1,0
8450,2120,168,-320,-50,-3,-1
8455,2168,136,-296,-49,-4,-1
8460,2120,152,-280,-48,-4,0
8465,2128,160,-280,-47,-4,0
8470,2104,168,-304,-48,-4,-1
8475,2128,192,-288,-47,-5,0
8480,2136,176,-280,-46,-4,1
8485,2136,160,-288,-46,-3,1
8490,2112,192,-312,-46,-2,1
8495,2120,184,-304,-44,-2,0
8500,2128,176,-280,-43,-3,2
8505,2112,184,-272,-42,-2,2
8510,2144,208,-240,-42,-3,2
8515,2120,160,-320,-40,-2,3
8520,2120,184,-312,-40,-2,3
8525,2136,168,-312,-38,-2,4
8530,2144,176,-280,-38,0,4
8535,2104,192,-296,-38,-1,3
8540,2128,176,-304,-37,-2,5
8545,2136,168,-280,-38,0,5
8550,2120,176,-304,-39,-1,5
8555,2144,160,-304,-40,-2,5
8560,2152,160,-256,-40,-1,5
8565,2120,176,-304,-39,-2,5
8570,2112,168,-304,-41,-2,6
8575,2152,160,-288,-42,-3,6
8580,2112,168,-288,-41,-4,7
8585,2136,160,-272,-41,-5,6
8590,2120,176,-312,-41,-6,8
8595,2144,144,-328,-40,-6,9
8600,2128,184,-264,-40,-5,9
8605,2104,168,-296,-40,-5,10
8610,2120,176,-328,-41,-5,7
8615,2112,160,-328,-40,-5,7
8620,2144,208,-272,-39,-5,7
8625,2136,152,-296,-38,-4,7
8630,2144,168,-304,-39,-5,6
8635,2136,168,-312,-36,-5,6
8640,2136,152,-296,-38,-3,5
8645,2120,152,-320,-39,-2,5
8650,2120,144,-288,-39,-4,5
8655,2144,152,-280,-39,-3,6
8660,2120,144,-280,-39,-3,4
8665,2136,152,-320,-40,-2,5
8670,2120,168,-328,-41,-1,5
8675,2112,160,-312,-42,1,5
8680,2128,160,-304,-44,1,4
8685,2136,152,-312,-44,1,3
8690,2112,168,-320,-44,4,3
8695,2128,160,-296,-42,2,3
8700,2144,160,-280,-42,3,2
8705,2144,160,-296,-41,3,3
8710,2128,136,-328,-41,2,4
8715,2128,184,-296,-42,1,4
8720,2120,184,-280,-41,0,3
8725,2128,152,-296,-42,1,3
8730,2104,128,-304,-42,0,2
8735,2120,168,-336,-43,0,3
8740,2128,168,-320,-42,-2,4
8745,2128,176,-328,-42,-2,3
8750,2104,168,-304,-43,-1,3
8755,2120,168,-312,-43,-1,3
8760,2128,160,-296,-43,-1,4
8765,2112,184,-360,-44,0,3
8770,2136,168,-296,-43,0,4
8775,2112,176,-304,-43,-1,4
8780,2120,144,-272,-45,-1,3
8785,2136,232,-376,-44,-1,3
8790,2112,184,-320,-43,1,3
8795,2104,168,-344,-42,0,3
8800,2120,192,-312,-42,0,3
8805,2128,152,-304,-44,-1,3
8810,2144,144,-296,-44,-1,4
8815,2136,144,-288,-44,-1,4
8820,2160,160,-320,-44,-2,4
8825,2136,192,-256,-44,-2,5
8830,2128,160,-304,-43,-2,4
8835,2160,160,-328,-42,-2,5
8840,2056,112,-288,-41,-3,5
8845,2112,160,-320,-40,-4,6
8850,2128,176,-328,-41,-2,4
8855,2128,160,-320,-41,-4,6
8860,2136,176,-304,-40,-3,5
8865,2120,200,-328,-39,-2,4
8870,2128,152,-296,-40,-2,6
8875,2120,144,-320,-39,-1,4
8880,2160,160,-296,-40,0,5
8885,2152,128,-336,-39,-1,6
8890,2128,176,-328,-40,0,4
8895,2128,136,-384,-37,0,5
8900,2120,152,-336,-38,0,6
8905,2136,160,-312,-36,0,5
8910,2112,152,-312,-36,0,5
8915,2128,168,-304,-35,-1,5
8920,2128,168,-344,-36,-2,5
8925,2128,168,-304,-35,-3,5
8930,2136,128,-312,-34,-3,5
8935,2112,136,-336,-34,-3,6
8940,2160,144,-312,-36,-2,6
8945,2128,176,-312,-37,0,4
8950,2096,168,-312,-36,-2,3
8955,2160,168,-296,-36,0,5
8960,2128,176,-328,-35,0,5
8965,2136,168,-304,-35,2,5
8970,2128,144,-328,-35,4,6
8975,2104,168,-352,-35,2,6
8980,2152,128,-312,-34,4,5
8985,2112,168,-328,-38,7,4
8990,2112,168,-304,-40,8,3
8995,2120,152,-328,-42,8,3
9000,2128,184,-328,-44,9,3
9005,2128,152,-320,-43,9,4
9010,2120,160,-280,-44,6,4
9015,2128,152,-296,-44,4,4
9020,2128,168,-312,-44,0,5
9025,2136,160,-344,-44,-3,6
9030,2120,152,-328,-45,-6,6
9035,2136,152,-280,-44,-12,6
9040,2152,144,-312,-44,-16,8
9045,2144,152,-304,-45,-19,8
9050,2128,120,-296,-44,-21,8
9055,2072,136,-344,-43,-22,6
9060,2128,152,-312,-45,-23,5
9065,2120,176,-328,-43,-22,6
9070,2120,136,-336,-44,-22,4
9075,2144,144,-320,-47,-18,2
9080,2168,152,-352,-46,-15,1
9085,2120,160,-320,-46,-11,0
9090,2128,160,-328,-48,-6,-2
9095,2120,168,-328,-47,-4,-2
9100,2136,168,-336,-45,-1,-4
9105,2144,152,-328,-44,2,-4
9110,2128,120,-312,-43,3,-3
9115,2128,168,-304,-42,4,-3
9120,2128,176,-336,-41,5,-1
9125,2144,160,-296,-41,4,0
9130,2128,176,-304,-39,2,0
9135,2104,192,-336,-38,0,1
9140,2128,176,-328,-38,0,2
9145,2112,184,-336,-37,-2,6
9150,2120,152,-320,-39,-2,7
9155,2136,168,-320,-37,-4,7
9160,2096,152,-360,-39,-5,8
9165,2144,152,-312,-37,-6,8
9170,2128,120,-328,-39,-5,8
9175,2112,168,-320,-40,-5,8
9180,2112,152,-296,-41,-7,8
9185,2104,152,-328,-40,-7,9
9190,2136,160,-320,-40,-8,8
9195,2120,160,-344,-41,-8,8
9200,2128,152,-320,-41,-9,8
9205,2160,168,-320,-40,-8,7
9210,2104,152,-336,-40,-8,7
9215,2136,160,-360,-42,-7,6
9220,2120,216,-296,-42,-9,5
9225,2152,136,-328,-41,-10,4
9230,2136,144,-328,-41,-11,4
9235,2120,152,-392,-41,-11,5
9240,2136,144,-336,-39,-11,6
9245,2120,160,-352,-39,-10,6
9250,2152,144,-344,-38,-9,6
9255,2144,160,-336,-37,-7,4
9260,2160,128,-360,-39,-6,4
9265,2112,168,-344,-37,-3,3
9270,2120,176,-352,-39,0,3
9275,2160,88,-312,-40,2,2
9280,2136,136,-352,-41,2,0
9285,2136,168,-336,-43,4,1
9290,2128,144,-328,-44,4,0
9295,2120,128,-344,-46,3,-1
9300,2112,152,-288,-46,1,1
9305,2112,152,-328,-46,2,0
9310,2128,152,-320,-47,1,1
9315,2112,144,-344,-46,3,0
9320,2128,136,-352,-47,2,0
9325,2144,152,-344,-45,2,1
9330,2152,128,-256,-46,1,1
9335,2120,144,-344,-46,1,1
9340,2128,144,-320,-47,1,0
9345,2120,144,-320,-47,1,-1
9350,2128,144,-352,-49,3,-1
9355,2128,136,-336,-49,2,-2
9360,2120,136,-344,-50,2,-1
9365,2136,144,-288,-50,4,-1
9370,2120,144,-360,-49,4,-1
9375,2136,152,-352,-49,3,0
9380,2120,168,-312,-49,2,1
9385,2152,184,-264,-50,1,2
9390,2112,168,-352,-49,1,1
9395,2128,144,-352,-47,2,0
9400,2112,168,-352,-47,2,-1
9405,2104,160,-344,-48,1,0
9410,2136,152,-336,-47,1,0
9415,2120,136,-352,-48,1,1
9420,2112,176,-344,-47,2,0
9425,2136,152,-360,-45,1,0
9430,2112,160,-336,-46,2,0
9435,2128,168,-320,-44,2,0
9440,2104,192,-424,-46,2,0
9445,2120,152,-328,-46,2,-1
9450,2112,152,-328,-45,4,-1
9455,2128,144,-320,-45,5,0
9460,2112,152,-312,-47,4,-1
9465,2112,152,-352,-46,5,-1
9470,2136,136,-352,-45,6,0
9475,2104,136,-376,-46,7,-2
9480,2152,152,-336,-46,7,-1
9485,2120,152,-368,-46,9,-2
9490,2112,104,-376,-45,9,-2
9495,2136,152,-328,-46,9,-2
9500,2128,128,-368,-44,12,-2
9505,2144,152,-344,-44,14,-3
9510,2112,128,-368,-47,14,-3
9515,2144,136,-336,-46,15,-4
9520,2112,168,-352,-46,18,-4
9525,2128,144,-344,-45,21,-4
9530,2144,144,-368,-46,21,-3
9535,2120,128,-352,-47,23,-4
9540,2144,144,-344,-47,24,-5
9545,2112,144,-368,-47,25,-5
9550,2112,152,-376,-47,27,-4
9555,2128,152,-360,-46,28,-5
9560,2112,160,-344,-46,29,-4
9565,2128,136,-336,-46,28,-5
9570,2128,136,-312,-47,28,-4
9575,2136,144,-360,-46,28,-5
9580,2120,176,-384,-47,28,-4
9585,2112,136,-328,-46,28,-3
9590,2112,136,-328,-47,27,-5
9595,2152,136,-336,-46,25,-4
9600,2176,88,-312,-47,26,-5
9605,2112,144,-320,-48,25,-6
9610,2128,160,-328,-48,26,-5
9615,2112,168,-336,-49,26,-6
9620,2136,144,-304,-48,25,-7
9625,2120,152,-328,-49,25,-6
9630,2128,136,-320,-49,24,-6
9635,2144,160,-392,-51,24,-8
9640,2136,136,-352,-51,24,-7
9645,2136,136,-360,-51,24,-7
9650,2136,128,-360,-50,25,-7
9655,2160,144,-320,-49,25,-9
9660,2136,152,-344,-49,25,-8
9665,2128,144,-336,-48,25,-7
9670,2120,152,-344,-47,24,-7
9675,2160,160,-344,-48,25,-7
9680,2136,152,-312,-48,23,-9
9685,2128,160,-328,-49,24,-7
9690,2120,168,-344,-48,25,-8
9695,2120,160,-336,-51,25,-8
9700,2168,136,-360,-50,26,-7
9705,2112,160,-352,-48,26,-6
9710,2144,152,-272,-48,25,-7
9715,2136,152,-320,-48,26,-6
9720,2136,144,-328,-45,28,-6
9725,2120,144,-320,-46,28,-5
9730,2112,144,-304,-45,27,-4
9735,2128,144,-344,-43,27,-4
9740,2128,152,-336,-43,28,-5
9745,2112,152,-344,-44,28,-6
9750,2104,144,-328,-47,29,-7
9755,2128,136,-288,-47,27,-6
9760,2104,168,-328,-48,27,-6
9765,2120,152,-336,-49,25,-4
9770,2120,152,-336,-49,22,-3
9775,2128,144,-320,-47,19,-4
9780,2120,152,-312,-47,16,-4
9785,2120,136,-336,-48,14,-5
9790,2120,128,-336,-46,10,-5
9795,2120,168,-328,-48,8,-6
9800,2128,168,-344,-50,8,-6
9805,2104,192,-368,-49,9,-6
9810,2136,152,-360,-50,11,-7
9815,2112,168,-344,-48,12,-8
9820,2144,120,-352,-50,15,-8
9825,2120,152,-352,-51,17,-10
9830,2136,152,-320,-53,18,-10
9835,2176,184,-272,-52,23,-11
9840,2112,120,-416,-51,25,-12
9845,2184,176,-448,-51,26,-12
9850,2096,144,-376,-50,27,-12
9855,2128,192,-312,-48,29,-12
9860,2152,144,-360,-48,31,-11
9865,2112,152,-376,-49,30,-9
9870,2088,184,-320,-45,29,-9
9875,2080,184,-280,-46,29,-8
9880,2096,176,-320,-45,29,-8
9885,2136,160,-336,-45,29,-6
9890,2112,200,-296,-45,29,-6
9895,2080,168,-344,-46,30,-4
9900,2112,128,-272,-46,30,-4
9905,2144,200,-312,-46,29,-3
9910,2120,168,-344,-46,29,-3
9915,2168,208,-288,-47,29,-3
9920,2168,192,-208,-46,29,-3
9925,2104,112,-344,-47,28,-4
9930,2144,144,-296,-48,27,-5
9935,2136,120,-296,-48,28,-4
9940,2152,104,-312,-51,25,-5
9945,2112,128,-312,-48,27,-5
9950,2104,160,-336,-49,26,-5
9955,2128,120,-376,-47,25,-6
9960,2136,160,-320,-48,24,-6
9965,2136,136,-368,-50,23,-6
9970,2120,152,-312,-50,24,-7
9975,2120,136,-344,-49,22,-6
9980,2144,120,-328,-50,22,-6
9985,2120,152,-296,-51,22,-6
9990,2096,168,-344,-52,22,-6
9995,2136,136,-344,-51,21,-5
10000,2128,168,-336,-52,22,-6
10005,2136,200,-336,-51,23,-6
10010,2112,168,-344,-50,22,-6
10015,2144,176,-352,-48,23,-6
10020,2152,144,-352,-48,25,-6
10025,2152,160,-352,-48,25,-7
10030,2152,176,-376,-47,28,-8
10035,2136,144,-336,-48,29,-8
10040,2128,152,-304,-48,27,-8
10045,2096,152,-376,-49,30,-10
10050,2096,152,-296,-48,32,-11
10055,2144,136,-320,-49,32,-12
10060,2120,160,-336,-50,32,-12
10065,2128,144,-344,-49,32,-13
10070,2128,160,-344,-52,31,-13
10075,2120,160,-280,-51,30,-10
10080,2152,144,-336,-50,29,-12
10085,2112,120,-344,-50,31,-11
10090,2176,144,-336,-50,29,-10
10095,2136,144,-336,-51,27,-9
10100,2136,136,-344,-51,27,-9
10105,2120,152,-320,-52,25,-9
10110,2152,128,-344,-52,25,-11
10115,2128,152,-312,-54,25,-9
10120,2112,144,-352,-53,24,-9
10125,2136,128,-312,-53,23,-8
10130,2112,192,-344,-52,22,-8
10135,2136,128,-336,-51,22,-8
10140,2128,168,-296,-51,22,-9
10145,2128,144,-344,-51,19,-9
10150,2144,136,-312,-50,19,-9
10155,2120,160,-328,-50,20,-10
10160,2120,144,-344,-51,20,-9
10165,2120,168,-328,-50,20,-10
10170,2128,152,-328,-49,20,-10
10175,2112,136,-328,-49,23,-11
10180,2136,168,-320,-50,23,-10
10185,2136,152,-344,-50,23,-9
10190,2112,160,-328,-50,25,-9
10195,2128,152,-328,-48,25,-9
10200,2096,128,-344,-50,25,-9
10205,2024,192,-256,-48,24,-9
10210,2120,152,-328,-50,24,-7
10215,2120,160,-320,-50,26,-9
10220,2112,160,-328,-48,27,-9
10225,2128,160,-336,-49,26,-9
10230,2136,152,-320,-49,24,-8
10235,2120,168,-336,-49,25,-7
10240,2120,144,-320,-49,26,-9
10245,2120,176,-320,-49,25,-8
10250,2120,128,-304,-49,25,-8
10255,2120,152,-320,-49,25,-8
10260,2128,160,-352,-49,24,-7
10265,2120,160,-328,-49,26,-10
10270,2112,152,-328,-49,25,-9
10275,2128,184,-280,-50,26,-10
10280,2120,168,-304,-49,25,-10
10285,2128,144,-296,-49,26,-10
10290,2128,168,-312,-49,26,-10
10295,2136,176,-328,-48,28,-11
10300,2160,160,-304,-47,29,-11
10305,2144,160,-288,-48,29,-10
10310,2120,160,-296,-48,28,-11
10315,2128,144,-296,-48,30,-13
10320,2144,168,-296,-47,32,-11
10325,2128,152,-320,-47,33,-11
10330,2120,144,-312,-48,33,-12
10335,2128,144,-336,-48,34,-12
10340,2128,152,-344,-47,37,-13
10345,2128,168,-328,-47,36,-12
10350,2136,168,-304,-46,38,-12
10355,2136,160,-328,-46,38,-11
10360,2120,144,-360,-46,39,-11
10365,2144,168,-336,-44,38,-10
10370,2120,176,-336,-45,40,-12
10375,2128,184,-296,-45,39,-13
10380,2144,160,-328,-46,39,-11
10385,2128,144,-336,-46,41,-13
10390,2120,168,-312,-47,42,-13
10395,2120,176,-312,-46,41,-13
10400,2144,152,-328,-45,40,-13
10405,2096,152,-320,-46,41,-13
10410,2128,160,-344,-46,39,-12
10415,2128,152,-344,-48,39,-12
10420,2144,128,-320,-48,39,-10
10425,2136,144,-312,-47,37,-11
10430,2160,120,-312,-46,36,-11
10435,2152,144,-304,-45,33,-10
10440,2136,152,-304,-45,33,-9
10445,2128,128,-320,-46,32,-11
10450,2112,152,-304,-46,31,-11
10455,2136,128,-336,-46,30,-12
10460,2128,160,-328,-47,29,-12
10465,2120,160,-344,-48,28,-11
10470,2088,168,-312,-48,27,-11
10475,2168,136,-304,-49,27,-10
10480,2088,152,-328,-49,26,-9
10485,2104,160,-328,-48,26,-10
10490,2112,160,-344,-47,24,-9
10495,2136,160,-296,-45,25,-9
10500,2144,152,-320,-43,26,-10
10505,2160,136,-344,-41,26,-10
10510,2152,152,-320,-40,26,-11
10515,2128,160,-312,-39,29,-10
10520,2096,128,-352,-39,29,-10
10525,2152,160,-256,-40,29,-12
10530,2144,160,-288,-40,31,-12
10535,2120,160,-296,-41,33,-15
10540,2120,168,-328,-41,33,-12
10545,2152,144,-296,-41,34,-14
10550,2128,152,-320,-42,33,-14
10555,2128,152,-304,-43,33,-16
10560,2104,152,-312,-45,33,-17
10565,2152,152,-304,-45,34,-16
10570,2112,176,-304,-45,35,-15
10575,2120,176,-312,-46,35,-16
10580,2136,144,-312,-46,36,-14
10585,2136,176,-312,-46,36,-15
10590,2136,152,-312,-47,36,-13
10595,2136,176,-328,-47,36,-15
10600,2120,152,-352,-48,39,-14
10605,2136,184,-336,-46,40,-15
10610,2168,136,-352,-45,41,-16
10615,2120,184,-336,-47,42,-17
10620,2136,184,-312,-46,42,-16
10625,2160,176,-304,-45,44,-16
10630,2096,176,-352,-44,44,-17
10635,2160,192,-288,-43,43,-16
10640,2120,168,-328,-43,43,-16
10645,2112,168,-320,-44,43,-15
10650,2128,160,-288,-42,41,-14
10655,2144,184,-304,-41,41,-13
10660,2128,184,-304,-39,39,-13
10665,2120,152,-320,-41,38,-13
10670,2128,176,-296,-42,38,-12
10675,2120,168,-272,-41,39,-11
10680,2096,176,-312,-40,40,-11
10685,2160,120,-352,-38,39,-10
10690,2120,152,-256,-41,39,-12
10695,2120,184,-288,-37,39,-11
10700,2120,152,-288,-38,39,-11
10705,2136,160,-288,-39,38,-10
10710,2136,160,-288,-40,39,-11
10715,2120,168,-288,-41,38,-12
10720,2136,160,-288,-41,39,-11
10725,2152,152,-312,-41,38,-11
10730,2144,160,-296,-41,37,-11
10735,2112,144,-288,-39,37,-10
10740,2144,160,-304,-38,36,-12
10745,2160,168,-304,-37,36,-10
10750,2128,168,-304,-39,35,-10
10755,2120,168,-304,-39,34,-12
10760,2096,160,-288,-39,34,-12
10765,2136,152,-304,-42,35,-12
10770,2136,152,-304,-44,35,-13
10775,2112,168,-312,-42,33,-11
10780,2144,176,-296,-42,34,-11
10785,2120,152,-312,-40,34,-11
10790,2112,168,-296,-41,34,-10
10795,2168,128,-328,-39,34,-11
10800,2096,136,-296,-41,34,-13
10805,2112,144,-304,-41,36,-14
10810,2136,144,-256,-41,36,-14
10815,2160,144,-304,-42,35,-15
10820,2136,152,-272,-40,37,-15
10825,2120,168,-296,-39,37,-14
10830,2144,168,-288,-39,37,-13
10835,2096,192,-264,-41,38,-13
10840,2112,168,-272,-44,37,-14
10845,2096,176,-312,-43,37,-15
10850,2120,152,-296,-43,37,-14
10855,2104,224,-304,-44,38,-15
10860,2136,184,-272,-46,39,-14
10865,2120,200,-304,-45,38,-14
10870,2096,152,-288,-46,38,-13
10875,2120,160,-296,-49,37,-13
10880,2112,160,-272,-50,38,-13
10885,2136,176,-304,-50,37,-12
10890,2120,168,-336,-49,36,-12
10895,2152,168,-296,-48,35,-10
10900,2136,160,-288,-50,34,-11
10905,2120,192,-280,-48,31,-10
10910,2096,160,-336,-47,30,-10
10915,2128,176,-304,-48,29,-10
10920,2136,168,-288,-46,26,-12
10925,2128,152,-272,-44,26,-13
10930,2136,152,-288,-45,25,-11
10935,2112,168,-304,-44,26,-12
10940,2136,176,-272,-47,25,-12
10945,2176,128,-288,-45,23,-11
10950,2120,176,-248,-43,22,-11
10955,2112,176,-280,-42,23,-10
10960,2120,168,-288,-42,22,-9
10965,2128,168,-264,-40,23,-11
10970,2128,168,-288,-39,21,-10
10975,2120,184,-272,-38,20,-7
10980,2128,168,-288,-39,22,-9
10985,2120,192,-272,-40,22,-7
10990,2112,176,-296,-41,22,-7
10995,2112,184,-312,-43,24,-8
11000,2152,144,-320,-42,23,-9
11005,2128,184,-280,-42,23,-7
11010,2136,168,-312,-42,25,-7
11015,2128,184,-280,-43,24,-7
11020,2128,152,-296,-42,26,-7
11025,2136,144,-296,-42,26,-8
11030,2120,168,-280,-42,25,-8
11035,2120,208,-320,-43,24,-7
11040,2144,168,-288,-43,24,-5
11045,2112,184,-328,-45,24,-6
11050,2120,200,-264,-44,22,-5
11055,2128,184,-280,-42,21,-5
11060,2120,176,-304,-43,22,-4
11065,2136,176,-312,-45,21,-5
11070,2120,176,-288,-46,21,-5
11075,2144,160,-312,-46,22,-5
11080,2120,176,-296,-45,21,-4
11085,2112,176,-288,-45,20,-4
11090,2120,168,-288,-44,19,-6
11095,2144,160,-312,-45,21,-5
11100,2136,160,-304,-46,21,-4
11105,2104,192,-272,-44,21,-3
11110,2152,168,-264,-46,20,-5
11115,2136,176,-336,-46,20,-5
11120,2112,192,-288,-45,20,-5
11125,2096,176,-304,-45,19,-4
11130,2120,168,-312,-46,21,-4
11135,2128,160,-264,-48,22,-4
11140,2160,144,-312,-46,23,-4
11145,2120,176,-280,-44,23,-4
11150,2136,168,-304,-46,22,-4
11155,2104,184,-288,-46,21,-4
11160,2136,160,-288,-45,21,-5
11165,2144,152,-296,-46,21,-5
11170,2112,144,-304,-47,22,-3
11175,2128,152,-304,-47,22,-4
11180,2120,184,-288,-47,20,-5
11185,2120,160,-320,-47,22,-5
11190,2128,160,-264,-49,21,-3
11195,2128,168,-272,-47,22,-3
11200,2128,168,-248,-47,22,-4
11205,2120,144,-272,-48,20,-4
11210,2120,184,-296,-48,17,-4
11215,2128,144,-256,-48,18,-4
11220,2144,152,-272,-49,17,-4
11225,2120,160,-280,-49,17,-3
11230,2120,160,-296,-49,15,-3
11235,2152,160,-248,-48,16,-4
11240,2128,184,-296,-49,15,-3
11245,2120,168,-272,-48,14,-3
11250,2120,176,-280,-49,13,-2
11255,2128,160,-264,-49,11,-3
11260,2144,168,-256,-50,8,-2
11265,2112,192,-296,-50,7,-2
11270,2152,160,-264,-49,6,-2
11275,2112,144,-312,-49,4,0
11280,2112,176,-240,-49,2,0
11285,2144,152,-240,-48,0,2
11290,2128,176,-280,-48,-2,2
11295,2112,216,-256,-46,-3,2
11300,2120,168,-240,-46,-5,2
11305,2136,144,-296,-48,-6,2
11310,2128,192,-272,-48,-8,1
11315,2128,144,-272,-47,-9,0
11320,2136,176,-296,-45,-8,2
11325,2112,176,-320,-46,-7,2
11330,2112,176,-288,-46,-6,2
11335,2160,144,-264,-44,-4,1
11340,2136,128,-264,-44,-2,1
11345,2128,184,-296,-43,-2,0
11350,2120,168,-296,-43,0,2
11355,2112,176,-280,-41,0,0
11360,2136,176,-296,-40,1,1
11365,2120,176,-288,-43,1,1
11370,2136,192,-296,-42,0,1
11375,2144,184,-280,-41,-1,1
11380,2136,208,-288,-42,-2,2
11385,2112,184,-296,-40,-2,3
11390,2136,184,-312,-40,-3,1
11395,2136,144,-328,-42,-3,4
11400,2120,184,-344,-40,-2,4
11405,2112,168,-320,-39,-2,6
11410,2128,160,-288,-39,-2,7
11415,2128,168,-320,-37,-1,5
11420,2128,200,-288,-37,2,4
11425,2136,152,-296,-36,5,5
11430,2152,168,-272,-35,6,3
11435,2120,176,-328,-35,9,2
11440,2144,176,-296,-38,11,1
11445,2104,184,-280,-40,13,1
11450,2088,184,-272,-42,15,1
11455,2136,136,-328,-42,15,1
11460,2128,152,-312,-42,15,1
11465,2128,168,-296,-44,13,2
11470,2136,144,-272,-43,11,2
11475,2128,176,-248,-44,6,1
11480,2120,168,-272,-46,4,3
11485,2136,144,-288,-45,-1,3
11490,2144,184,-296,-46,-3,2
11495,2160,176,-296,-47,-4,3
11500,2096,184,-280,-47,-6,4
11505,2144,152,-320,-48,-8,4
11510,2144,176,-336,-51,-10,3
11515,2168,144,-328,-52,-9,1
11520,2120,176,-328,-54,-9,1
11525,2136,168,-312,-54,-10,1
11530,2120,160,-312,-54,-11,1
11535,2144,144,-304,-54,-11,0
11540,2136,176,-296,-52,-10,-1
11545,2128,184,-296,-49,-9,-2
11550,2128,168,-320,-50,-8,-2
11555,2120,176,-328,-47,-9,-2
11560,2112,160,-320,-46,-7,0
11565,2128,160,-328,-42,-9,0
11570,2120,152,-296,-43,-7,-1
11575,2120,176,-328,-41,-7,0
11580,2136,160,-336,-40,-7,1
11585,2112,160,-328,-40,-6,1
11590,2112,168,-288,-40,-5,3
11595,2120,200,-328,-41,-3,4
11600,2144,152,-288,-39,-3,3
11605,2144,144,-288,-41,-2,2
11610,2136,168,-328,-40,-1,4
11615,2120,192,-344,-41,-2,5
11620,2120,168,-272,-39,-3,6
11625,2136,160,-296,-38,-1,6
11630,2104,152,-256,-38,-2,5
11635,2120,152,-304,-40,-2,6
11640,2112,176,-280,-38,-3,7
11645,2128,160,-304,-36,-3,7
11650,2120,176,-296,-38,-3,7
11655,2120,176,-320,-38,-4,7
11660,2112,168,-304,-37,-4,7
11665,2096,144,-280,-37,-5,7
11670,2120,184,-336,-37,-5,6
11675,2136,176,-304,-39,-5,7
11680,2120,144,-320,-38,-6,7
11685,2128,160,-296,-38,-4,7
11690,2152,184,-336,-39,-5,8
11695,2128,176,-320,-37,-5,7
11700,2144,136,-304,-37,-4,7
11705,2120,208,-320,-37,-2,6
11710,2152,136,-328,-36,0,7
11715,2120,160,-312,-36,-1,7
11720,2112,160,-272,-37,0,7
11725,2136,152,-312,-40,2,5
11730,2128,168,-320,-43,2,4
11735,2128,144,-296,-42,5,4
11740,2136,160,-296,-42,6,2
11745,2120,168,-296,-42,6,2
11750,2136,160,-304,-43,6,1
11755,2112,192,-304,-42,7,1
11760,2112,176,-320,-43,7,3
11765,2112,152,-304,-44,7,2
11770,2144,168,-312,-45,6,2
11775,2080,168,-312,-44,6,2
11780,2136,120,-344,-43,5,3
11785,2128,152,-328,-42,4,3
11790,2144,152,-344,-45,3,3
11795,2128,168,-336,-44,2,4
11800,2120,176,-272,-47,4,3
11805,2120,184,-304,-48,3,4
11810,2144,152,-320,-50,2,3
11815,2152,160,-320,-49,2,3
11820,2144,160,-296,-51,1,4
11825,2136,160,-280,-49,1,3
11830,2136,160,-328,-48,1,2
11835,2152,168,-288,-50,2,4
11840,2128,176,-288,-48,0,3
11845,2128,184,-352,-47,1,3
11850,2120,152,-336,-48,-1,3
11855,2120,160,-296,-46,-1,4
11860,2120,152,-320,-46,-2,5
11865,2136,160,-296,-45,-2,5
11870,2128,168,-312,-45,-3,5
11875,2128,168,-304,-44,-3,6
11880,2120,152,-320,-43,-2,5
11885,2152,136,-336,-43,-3,4
11890,2120,160,-312,-43,-4,6
11895,2136,160,-304,-44,-5,5
11900,2128,160,-312,-43,-5,6
11905,2128,160,-288,-44,-5,5
11910,2120,160,-296,-44,-6,5
11915,2128,152,-272,-45,-7,6
11920,2120,152,-296,-43,-6,6
11925,2112,152,-320,-45,-7,7
11930,2096,152,-280,-45,-6,7
11935,2120,144,-352,-46,-8,6
11940,2096,176,-320,-43,-9,8
11945,2136,152,-328,-43,-10,7
11950,2128,152,-328,-43,-10,6
11955,2144,160,-320,-43,-10,6
11960,2128,144,-320,-44,-12,7
11965,2136,144,-296,-44,-14,6
11970,2128,160,-312,-43,-13,5
11975,2136,144,-304,-42,-13,5
11980,2120,144,-296,-41,-14,4
11985,2112,152,-360,-43,-12,5
11990,2152,160,-328,-42,-11,4
11995,2136,136,-328,-42,-11,4
12000,2136,144,-312,-44,-11,3
12005,2136,152,-328,-44,-10,2
12010,2128,136,-344,-44,-10,3
12015,2136,168,-336,-44,-9,3
12020,2112,152,-344,-43,-9,3
12025,2144,136,-328,-44,-8,3
12030,2128,176,-312,-45,-10,3
12035,2144,168,-328,-46,-7,3
12040,2136,160,-312,-44,-7,3
12045,2096,192,-312,-45,-6,3
12050,2120,152,-296,-45,-4,3
12055,2120,168,-328,-45,-5,4
12060,2112,152,-320,-46,-4,2
12065,2136,176,-344,-45,-2,2
12070,2144,168,-360,-48,-4,3
12075,2112,152,-328,-48,-4,3
12080,2152,144,-344,-47,-5,5
12085,2120,168,-320,-48,-4,4
12090,2120,160,-336,-48,-5,3
12095,2136,168,-360,-48,-6,6
12100,2136,152,-304,-47,-6,4
12105,2128,160,-320,-48,-7,4
12110,2136,168,-328,-48,-8,4
12115,2120,160,-320,-47,-9,4
12120,2136,144,-336,-47,-8,3
12125,2144,136,-320,-47,-9,3
12130,2136,144,-336,-47,-10,2
12135,2120,176,-344,-46,-10,2
12140,2112,152,-360,-45,-9,2
12145,2128,160,-336,-45,-10,3
12150,2128,184,-344,-43,-10,4
12155,2112,200,-328,-45,-10,3
12160,2136,160,-344,-45,-8,2
12165,2112,168,-320,-45,-8,1
12170,2136,176,-344,-44,-7,3
12175,2104,176,-384,-44,-5,1
12180,2120,168,-384,-44,-5,2
12185,2112,168,-336,-44,-4,2
12190,2128,152,-400,-45,-3,1
12195,2112,168,-400,-47,-2,2
12200,2128,144,-376,-47,1,2
12205,2120,176,-360,-47,0,3
12210,2144,144,-400,-48,-1,2
12215,2128,144,-328,-47,0,4
12220,2128,144,-312,-48,-1,2
12225,2112,136,-360,-46,-2,3
12230,2136,160,-376,-46,-5,3
12235,2128,136,-360,-44,-6,2
12240,2144,136,-344,-43,-7,4
12245,2144,144,-360,-45,-8,4
12250,2128,152,-320,-43,-9,2
12255,2112,136,-336,-43,-10,3
12260,2120,152,-328,-44,-11,1
12265,2104,120,-296,-42,-8,0
12270,2080,160,-320,-45,-7,0
12275,2112,152,-344,-46,-7,-1
12280,2112,152,-320,-48,-7,-2
12285,2128,144,-352,-46,-5,0
12290,2136,160,-336,-45,-3,0
12295,2120,160,-344,-44,-2,0
12300,2120,152,-352,-43,-3,0
12305,2120,144,-328,-40,0,1
12310,2128,144,-280,-39,-1,-1
12315,2112,168,-304,-40,1,-1
12320,2080,168,-304,-42,2,0
12325,2128,168,-296,-41,2,-1
12330,2128,128,-320,-44,2,-1
12335,2120,168,-304,-46,0,0
12340,2120,152,-336,-46,0,1
12345,2096,152,-336,-46,-2,-1
12350,2112,144,-320,-47,-4,0
12355,2144,136,-344,-48,-6,0
12360,2152,144,-328,-48,-7,0
12365,2128,128,-352,-48,-8,0
12370,2160,136,-368,-48,-9,-1
12375,2136,120,-384,-48,-10,-3
12380,2088,152,-400,-48,-9,-3
12385,2120,152,-376,-46,-8,-4
12390,2104,152,-368,-47,-6,-5
12395,2120,176,-376,-49,-3,-6
12400,2120,152,-376,-50,1,-7
12405,2144,152,-376,-52,5,-9
12410,2144,160,-360,-52,8,-9
12415,2128,176,-376,-51,12,-9
12420,2112,160,-376,-52,16,-8
12425,2112,176,-368,-49,18,-8
12430,2112,176,-360,-49,21,-8
12435,2176,152,-320,-49,23,-7
12440,2136,136,-368,-47,24,-6
12445,2152,168,-384,-46,23,-6
12450,2112,160,-344,-46,26,-6
12455,2136,176,-360,-44,27,-4
12460,2136,152,-376,-43,25,-3
12465,2136,160,-384,-43,26,-3
12470,2128,160,-376,-45,27,-2
12475,2096,160,-384,-44,28,-2
12480,2128,144,-360,-43,28,-1
12485,2120,120,-392,-46,26,-1
12490,2144,144,-360,-45,26,0
12495,2136,128,-384,-43,24,0
12500,2112,160,-352,-43,24,-1
12505,2120,144,-352,-46,24,-1
12510,2104,160,-376,-46,23,-1
12515,2112,136,-352,-45,21,-2
12520,2128,144,-336,-47,21,-3
12525,2112,152,-392,-47,20,-4
12530,2096,152,-344,-46,21,-4
12535,2136,152,-312,-48,20,-4
12540,2160,176,-312,-49,21,-3
12545,2136,128,-320,-48,21,-6
12550,2136,136,-344,-49,22,-6
12555,2144,120,-352,-48,23,-6
12560,2112,152,-312,-49,23,-7
12565,2120,136,-320,-48,23,-5
12570,2104,144,-336,-49,24,-5
12575,2136,152,-360,-49,24,-5
12580,2152,120,-360,-48,24,-5
12585,2136,160,-320,-48,25,-5
12590,2128,128,-344,-48,26,-5
12595,2176,152,-368,-46,27,-4
12600,2120,160,-344,-49,27,-4
12605,2112,144,-368,-50,27,-6
12610,2152,152,-328,-50,28,-6
12615,2136,144,-344,-51,30,-5
12620,2136,160,-328,-52,28,-6
12625,2128,160,-328,-50,28,-6
12630,2136,144,-344,-49,28,-7
12635,2120,152,-344,-49,27,-6
12640,2136,136,-336,-49,28,-5
12645,2136,128,-360,-50,26,-6
12650,2104,160,-320,-50,24,-5
12655,2136,144,-344,-49,23,-4
12660,2128,136,-352,-49,23,-5
12665,2112,136,-336,-49,21,-5
12670,2128,152,-352,-49,20,-5
12675,2112,152,-312,-50,20,-5
12680,2128,144,-328,-51,21,-6
12685,2112,168,-320,-52,20,-6
12690,2096,152,-336,-52,19,-6
12695,2136,152,-328,-51,19,-5
12700,2136,144,-280,-50,18,-5
12705,2128,176,-328,-50,19,-7
12710,2128,128,-352,-50,18,-5
12715,2112,160,-336,-48,18,-5
12720,2136,136,-336,-49,18,-6
12725,2120,144,-336,-48,18,-4
12730,2136,144,-320,-47,19,-5
12735,2128,160,-360,-48,20,-5
12740,2088,136,-328,-47,19,-4
12745,2128,152,-360,-47,21,-5
12750,2120,168,-320,-46,21,-4
12755,2120,176,-312,-45,22,-4
12760,2112,160,-352,-44,22,-4
12765,2136,144,-344,-44,23,-4
12770,2120,160,-352,-44,24,-4
12775,2120,168,-312,-45,24,-4
12780,2112,152,-344,-45,23,-4
12785,2128,152,-320,-46,23,-3
12790,2128,160,-344,-45,24,-4
12795,2120,152,-392,-45,24,-4
12800,2128,184,-344,-43,23,-5
12805,2136,168,-312,-44,22,-3
12810,2080,168,-344,-45,21,-4
12815,2160,104,-360,-45,22,-4
12820,2152,144,-352,-46,22,-3
12825,2136,152,-336,-46,21,-4
12830,2104,176,-352,-45,21,-5
12835,2152,128,-312,-46,21,-5
12840,2120,160,-320,-46,21,-4
12845,2136,144,-344,-46,23,-5
12850,2128,160,-336,-45,23,-5
12855,2128,136,-328,-46,24,-6
12860,2144,176,-344,-44,25,-6
12865,2136,160,-320,-47,26,-5
12870,2136,120,-288,-45,24,-6
12875,2128,160,-368,-47,24,-5
12880,2112,144,-304,-48,25,-6
12885,2120,160,-344,-47,24,-6
12890,2136,160,-360,-47,25,-6
12895,2136,152,-320,-47,28,-6
12900,2112,152,-336,-47,29,-5
12905,2128,144,-376,-47,28,-5
12910,2128,152,-328,-46,29,-5
12915,2136,176,-336,-46,29,-4
12920,2160,152,-312,-47,28,-4
12925,2096,152,-320,-48,30,-4
12930,2120,136,-344,-49,30,-4
12935,2112,136,-328,-48,30,-4
12940,2160,152,-352,-47,29,-5
12945,2112,160,-296,-47,29,-6
12950,2128,144,-320,-46,30,-4
12955,2128,144,-352,-46,30,-5
12960,2128,176,-328,-44,30,-6
12965,2120,112,-352,-46,30,-6
12970,2112,152,-360,-47,30,-7
12975,2112,144,-344,-47,30,-6
12980,2128,120,-312,-48,30,-6
12985,2096,160,-312,-48,29,-7
12990,2128,160,-328,-48,30,-5
12995,2136,176,-320,-47,30,-6
13000,2128,144,-352,-49,29,-7
13005,2144,152,-352,-49,28,-6
13010,2128,144,-344,-50,29,-6
13015,2120,144,-376,-49,29,-5
13020,2144,160,-360,-47,28,-5
13025,2144,136,-352,-47,28,-5
13030,2112,184,-312,-47,26,-7
13035,2128,160,-392,-46,25,-6
13040,2136,160,-328,-47,25,-6
13045,2128,160,-336,-46,25,-7
13050,2120,152,-344,-46,25,-7
13055,2152,160,-336,-46,24,-7
13060,2120,160,-360,-47,25,-6
13065,2144,144,-368,-49,25,-6
13070,2120,152,-352,-48,25,-7
13075,2136,152,-352,-48,26,-7
13080,2144,160,-320,-46,26,-8
13085,2160,160,-392,-45,26,-8
13090,2128,152,-336,-45,26,-6
13095,2144,160,-360,-43,27,-6
13100,2128,144,-376,-43,28,-7
13105,2160,152,-328,-42,29,-7
13110,2136,128,-360,-43,28,-7
13115,2120,144,-376,-42,29,-7
13120,2104,152,-352,-44,30,-6
13125,2160,152,-344,-45,30,-9
13130,2128,160,-352,-46,29,-9
13135,2072,184,-344,-47,29,-9
13140,2144,168,-296,-45,26,-10
13145,2136,136,-304,-47,22,-9
13150,2136,152,-304,-46,19,-8
13155,2120,168,-344,-47,17,-7
13160,2136,144,-288,-49,14,-6
13165,2112,160,-336,-49,12,-6
13170,2144,128,-328,-48,13,-6
13175,2168,160,-344,-48,13,-8
13180,2128,168,-320,-48,14,-8
13185,2128,152,-352,-49,14,-8
13190,2128,160,-344,-50,15,-7
13195,2112,144,-312,-50,18,-8
13200,2136,168,-320,-53,21,-10
13205,2136,168,-312,-52,22,-12
13210,2136,152,-352,-52,26,-12
13215,2120,176,-328,-53,29,-13
13220,2128,184,-312,-51,30,-14
13225,2136,152,-296,-51,32,-13
13230,2096,168,-320,-49,32,-10
13235,2128,152,-312,-48,31,-10
13240,2144,128,-296,-45,31,-11
13245,2128,168,-312,-45,31,-9
13250,2136,152,-320,-45,31,-9
13255,2160,160,-336,-43,31,-8
13260,2120,152,-296,-44,30,-6
13265,2152,144,-320,-45,31,-7
13270,2144,136,-336,-45,31,-6
13275,2136,152,-368,-45,31,-5
13280,2128,128,-336,-44,30,-5
13285,2128,152,-376,-44,30,-4
13290,2136,176,-336,-45,29,-4
13295,2104,176,-352,-46,29,-4
13300,2136,168,-288,-44,28,-4
13305,2144,176,-328,-45,27,-5
13310,2136,152,-344,-46,28,-5
13315,2128,152,-328,-46,25,-5
13320,2144,144,-320,-45,25,-5
13325,2144,128,-312,-46,26,-4
13330,2128,160,-376,-45,25,-6
13335,2112,176,-328,-46,24,-5
13340,2136,136,-352,-47,24,-7
13345,2112,120,-336,-45,24,-7
13350,2120,176,-336,-45,24,-6
13355,2112,160,-320,-46,24,-7
13360,2144,160,-320,-47,23,-7
13365,2136,152,-320,-45,24,-7
13370,2128,160,-312,-47,25,-7
13375,2152,152,-312,-46,25,-6
13380,2128,152,-344,-46,25,-7
13385,2136,152,-320,-45,26,-5
13390,2120,168,-344,-45,27,-5
13395,2128,152,-320,-45,29,-5
13400,2136,168,-312,-45,31,-7
13405,2120,160,-312,-44,31,-6
13410,2112,136,-320,-46,32,-6
13415,2144,168,-288,-46,33,-7
13420,2104,160,-288,-46,34,-7
13425,2120,160,-304,-46,35,-9
13430,2104,168,-312,-48,34,-9
13435,2120,152,-312,-46,34,-9
13440,2096,160,-272,-47,35,-9
13445,2136,176,-288,-48,34,-8
13450,2144,152,-304,-47,33,-10
13455,2128,136,-312,-48,33,-10
13460,2104,144,-336,-48,31,-8
13465,2144,136,-320,-50,33,-9
13470,2120,160,-296,-50,30,-9
13475,2136,160,-304,-49,29,-8
13480,2120,144,-328,-49,28,-8
13485,2128,144,-296,-50,28,-9
13490,2120,160,-336,-50,28,-9
13495,2128,160,-288,-51,27,-8
13500,2128,152,-296,-51,27,-9
13505,2152,168,-360,-51,28,-10
13510,2120,160,-304,-50,26,-8
13515,2144,160,-320,-49,25,-8
13520,2160,136,-344,-48,25,-8
13525,2152,144,-320,-47,28,-8
13530,2136,144,-312,-46,25,-9
13535,2112,176,-312,-47,26,-9
13540,2128,152,-328,-46,28,-9
13545,2120,160,-320,-48,27,-8
13550,2128,168,-312,-47,27,-8
13555,2120,184,-320,-46,27,-8
13560,2112,192,-336,-46,27,-9
13565,2144,168,-328,-45,27,-8
13570,2144,144,-312,-46,27,-9
13575,2112,160,-280,-42,26,-6
13580,2120,160,-336,-42,26,-6
13585,2128,136,-288,-42,28,-8
13590,2120,184,-328,-41,31,-8
13595,2120,160,-312,-41,32,-10
13600,2136,152,-312,-42,30,-9
13605,2128,144,-304,-42,31,-9
13610,2112,152,-296,-43,30,-7
13615,2136,144,-336,-44,29,-8
13620,2128,128,-376,-44,29,-8
13625,2104,136,-296,-44,28,-9
13630,2120,152,-320,-44,29,-8
13635,2136,184,-312,-45,30,-8
13640,2144,152,-320,-43,31,-8
13645,2144,168,-296,-43,31,-9
13650,2152,160,-344,-43,30,-8
13655,2136,168,-336,-44,29,-9
13660,2136,168,-328,-44,30,-8
13665,2112,192,-328,-45,29,-9
13670,2112,176,-312,-43,29,-10
13675,2120,152,-320,-41,31,-9
13680,2104,168,-320,-42,30,-10
13685,2136,168,-312,-42,32,-10
13690,2136,160,-312,-41,32,-11
13695,2152,168,-304,-42,33,-10
13700,2120,168,-320,-41,34,-10
13705,2144,152,-320,-42,35,-12
13710,2112,160,-304,-43,36,-10
13715,2104,184,-320,-44,37,-11
13720,2112,168,-288,-43,38,-11
13725,2088,160,-336,-43,39,-11
13730,2136,144,-320,-43,40,-11
13735,2128,184,-288,-43,40,-12
13740,2120,144,-304,-44,41,-11
13745,2144,136,-328,-45,42,-11
13750,2136,152,-312,-45,41,-10
13755,2144,136,-296,-44,41,-12
13760,2144,160,-304,-44,41,-11
13765,2120,152,-320,-43,40,-10
13770,2144,176,-320,-44,40,-11
13775,2104,192,-304,-43,40,-12
13780,2160,120,-328,-43,39,-13
13785,2128,184,-336,-43,38,-11
13790,2120,152,-336,-42,37,-13
13795,2128,168,-304,-42,38,-11
13800,2144,168,-312,-43,37,-12
13805,2128,136,-296,-40,37,-12
13810,2144,160,-288,-40,38,-13
13815,2152,136,-280,-41,41,-14
13820,2112,184,-320,-41,42,-12
13825,2128,176,-312,-42,42,-12
13830,2104,152,-328,-43,43,-13
13835,2128,160,-344,-42,44,-13
13840,2160,176,-304,-42,44,-15
13845,2144,160,-352,-40,44,-16
13850,2096,144,-312,-40,45,-16
13855,2128,152,-288,-40,47,-16
13860,2128,168,-304,-39,48,-18
13865,2136,152,-312,-38,48,-19
13870,2136,168,-304,-39,48,-16
13875,2136,152,-336,-40,48,-18
13880,2128,168,-328,-41,49,-17
13885,2136,168,-304,-40,48,-18
13890,2136,160,-296,-39,46,-16
13895,2128,160,-328,-40,46,-16
13900,2112,144,-344,-40,46,-16
13905,2120,144,-280,-40,45,-16
13910,2136,128,-264,-38,45,-16
13915,2112,136,-280,-38,43,-17
13920,2112,152,-280,-37,42,-16
13925,2120,152,-272,-38,42,-15
13930,2128,152,-296,-38,42,-16
13935,2160,152,-304,-37,41,-13
13940,2112,176,-296,-37,40,-13
13945,2104,192,-288,-38,39,-13
13950,2136,144,-272,-40,40,-13
13955,2136,152,-280,-38,39,-14
13960,2104,176,-336,-38,39,-14
13965,2128,152,-304,-38,38,-14
13970,2136,176,-280,-38,38,-15
13975,2136,160,-288,-40,38,-16
13980,2120,160,-264,-39,37,-15
13985,2128,168,-272,-38,34,-14
13990,2136,160,-296,-39,33,-13
13995,2128,168,-272,-39,31,-15
14000,2120,168,-280,-39,30,-13
14005,2120,176,-296,-40,30,-13
14010,2120,168,-288,-41,28,-13
14015,2120,208,-280,-42,28,-13
14020,2128,176,-256,-43,28,-12
14025,2128,184,-280,-43,27,-12
14030,2152,160,-344,-41,25,-10
14035,2128,152,-296,-40,25,-9
14040,2128,160,-328,-39,25,-11
14045,2120,152,-272,-38,25,-9
14050,2120,184,-296,-38,24,-9
14055,2120,176,-296,-38,25,-9
14060,2128,144,-296,-38,24,-10
14065,2144,144,-288,-37,26,-9
14070,2112,184,-328,-38,26,-10
14075,2136,184,-288,-37,27,-11
14080,2136,184,-288,-38,28,-12
14085,2120,152,-288,-40,28,-12
14090,2128,184,-296,-38,30,-12
14095,2128,160,-264,-38,30,-12
14100,2128,176,-320,-38,29,-13
14105,2104,176,-280,-37,29,-12
14110,2128,176,-304,-38,30,-14
14115,2096,176,-288,-37,30,-13
14120,2096,216,-304,-38,31,-14
14125,2136,168,-296,-39,32,-15
14130,2144,176,-296,-38,31,-15
14135,2144,168,-320,-40,33,-15
14140,2136,144,-272,-43,33,-16
14145,2112,192,-312,-45,32,-15
14150,2136,168,-280,-44,33,-15
14155,2128,192,-280,-44,35,-15
14160,2104,176,-296,-45,32,-16
14165,2120,168,-288,-45,32,-14
14170,2136,192,-296,-45,30,-13
14175,2096,184,-328,-41,27,-15
14180,2128,176,-280,-39,23,-12
14185,2128,184,-272,-38,21,-11
14190,2112,168,-280,-37,19,-11
14195,2128,184,-264,-41,19,-8
14200,2128,176,-288,-42,16,-8
14205,2128,184,-280,-42,15,-7
14210,2120,192,-264,-42,14,-6
14215,2152,152,-304,-43,14,-7
14220,2120,168,-280,-44,13,-6
14225,2128,144,-272,-44,16,-5
14230,2016,144,-256,-44,17,-6
14235,2128,152,-272,-42,17,-6
14240,2128,152,-280,-44,17,-6
14245,2136,160,-304,-43,17,-6
14250,2112,192,-336,-43,18,-6
14255,2136,176,-256,-41,19,-5
14260,2120,152,-320,-43,20,-7
14265,2112,176,-296,-41,20,-6
14270,2128,176,-256,-41,20,-6
14275,2120,200,-296,-41,22,-6
14280,2112,184,-288,-42,21,-5
14285,2096,136,-312,-39,22,-6
14290,2128,184,-272,-39,23,-7
14295,2120,176,-288,-41,22,-7
14300,2120,184,-288,-42,24,-6
14305,2136,168,-280,-42,24,-7
14310,2128,168,-280,-43,24,-5
14315,2120,160,-280,-42,23,-5
14320,2128,176,-296,-42,24,-4
14325,2136,160,-288,-41,24,-4
14330,2128,184,-304,-43,25,-5
14335,2128,200,-304,-41,24,-6
14340,2160,216,-232,-41,25,-6
14345,2152,184,-264,-44,25,-6
14350,2136,168,-288,-44,26,-8
14355,2112,152,-280,-46,26,-8
14360,2112,200,-312,-46,26,-7
14365,2120,168,-296,-46,22,-9
14370,2144,184,-272,-46,23,-7
14375,2136,136,-312,-45,25,-8
14380,2120,176,-288,-46,24,-9
14385,2112,176,-272,-47,26,-9
14390,2112,208,-288,-51,25,-9
14395,2080,184,-256,-51,25,-10
14400,2120,184,-288,-52,26,-8
14405,2128,160,-240,-53,25,-7
14410,2128,168,-296,-52,25,-8
14415,2128,192,-264,-52,24,-8
14420,2136,168,-256,-54,22,-7
14425,2152,160,-256,-52,21,-7
14430,2136,176,-256,-53,20,-5
14435,2120,176,-296,-54,18,-5
14440,2136,176,-264,-54,16,-5
14445,2128,176,-272,-54,15,-5
14450,2152,208,-232,-52,14,-5
14455,2152,144,-264,-53,12,-5
14460,2144,168,-288,-52,10,-5
14465,2136,176,-304,-51,8,-3
14470,2144,176,-296,-50,8,-3
14475,2128,152,-272,-50,6,-3
14480,2136,160,-264,-51,5,-3
14485,2128,192,-256,-50,3,-2
14490,2120,184,-280,-51,3,-2
14495,2120,184,-296,-49,-1,-1
14500,2136,168,-304,-49,-1,0
14505,2096,168,-320,-49,-3,1
14510,2120,168,-264,-50,-6,1
14515,2136,184,-288,-49,-6,3
14520,2104,176,-280,-48,-6,2
14525,2128,184,-272,-46,-7,2
14530,2128,176,-272,-48,-7,2
14535,2112,152,-248,-50,-6,3
14540,2120,152,-256,-48,-6,3
14545,2144,160,-296,-48,-5,3
14550,2144,184,-288,-46,-4,3
14555,2136,184,-280,-45,-4,4
14560,2144,128,-248,-46,-3,4
14565,2104,176,-280,-49,-3,4
14570,2144,176,-304,-48,-3,5
14575,2128,168,-296,-46,-3,5
14580,2136,160,-312,-47,-1,5
14585,2128,168,-280,-46,-2,7
14590,2104,168,-272,-45,-2,7
14595,2144,176,-264,-46,-4,7
14600,2136,168,-272,-47,-4,8
14605,2144,160,-248,-47,-4,8
14610,2216,128,-352,-48,-5,8
14615,2128,160,-288,-47,-5,6
14620,2120,136,-280,-47,-7,8
14625,2136,184,-272,-48,-7,7
14630,2128,144,-296,-48,-7,9
14635,2144,176,-312,-47,-7,9
14640,2128,168,-304,-46,-7,8
14645,2152,176,-296,-47,-6,8
14650,2128,184,-280,-47,-5,8
14655,2136,176,-328,-46,-5,8
14660,2104,144,-312,-48,-4,7
14665,2152,160,-384,-48,-3,8
14670,2136,160,-280,-48,-2,8
14675,2136,168,-288,-48,-1,7
14680,2128,160,-288,-49,-1,6
14685,2120,160,-312,-49,-1,6
14690,2136,160,-312,-49,-1,5
14695,2128,168,-288,-49,1,6
14700,2112,152,-288,-47,1,5
14705,2144,160,-296,-45,0,5
14710,2144,152,-288,-48,1,4
14715,2112,152,-312,-48,0,6
14720,2152,160,-312,-48,-1,7
14725,2128,152,-288,-49,-2,5
14730,2128,176,-296,-48,-2,4
14735,2128,168,-304,-47,-2,4
14740,2112,160,-304,-47,-4,4
14745,2136,160,-280,-46,-4,2
14750,2144,176,-296,-48,-4,3
14755,2152,176,-248,-48,-4,5
14760,2128,152,-328,-48,-4,4
14765,2120,184,-280,-47,-5,5
14770,2112,152,-304,-47,-4,5
14775,2184,192,-296,-49,-5,6
14780,2120,152,-272,-48,-7,4
14785,2136,160,-312,-48,-7,4
14790,2120,168,-296,-49,-7,4
14795,2136,176,-288,-47,-7,6
14800,2120,176,-296,-49,-8,5
14805,2120,168,-312,-49,-7,5
14810,2080,184,-296,-47,-8,4
14815,2136,120,-288,-45,-8,3
14820,2120,168,-304,-45,-7,5
14825,2128,176,-320,-44,-7,4
14830,2144,136,-320,-44,-6,3
14835,2144,152,-296,-44,-7,5
14840,2128,144,-328,-44,-7,6
14845,2128,160,-296,-45,-5,6
14850,2128,160,-312,-45,-4,6
14855,2120,176,-296,-47,-4,6
14860,2120,160,-312,-47,-5,5
14865,2112,152,-288,-47,-3,5
14870,2128,168,-328,-46,-2,5
14875,2136,152,-296,-44,-1,4
14880,2168,152,-272,-46,-1,5
14885,2160,152,-240,-44,-2,6
14890,2128,160,-304,-43,-3,4
14895,2128,160,-296,-43,-5,5
14900,2144,176,-296,-43,-6,5
14905,2136,152,-312,-44,-7,5
14910,2120,176,-288,-42,-7,4
14915,2120,160,-320,-43,-7,5
14920,2128,160,-328,-44,-9,4
14925,2104,176,-320,-43,-9,5
14930,2112,144,-312,-44,-9,3
14935,2112,152,-288,-44,-7,5
14940,2088,176,-336,-47,-8,4
14945,2136,160,-320,-44,-6,3
14950,2128,168,-336,-42,-6,4
14955,2120,160,-296,-42,-4,4
14960,2144,144,-336,-41,-2,4
14965,2104,152,-312,-38,0,5
14970,2088,160,-320,-38,1,4
14975,2120,152,-296,-38,4,4
14980,2096,160,-288,-40,7,2
14985,2112,168,-312,-40,8,0
14990,2104,176,-304,-43,9,0
14995,2144,128,-328,-45,10,-2
