timestamp,accel_x,accel_y,accel_z,gyro_x,gyro_y,gyro_z
0,-16,-2032,-96,-15,51,-2
5,-32,-2032,-64,-14,50,-1
10,-40,-2024,-56,-15,48,-4
15,-16,-2040,-64,-16,47,-3
20,-32,-2024,-88,-14,46,-5
25,-32,-2016,-104,-10,46,-3
30,-8,-2016,-72,-6,44,-7
35,-32,-2008,-88,-4,46,-3
40,-40,-2000,-64,-3,44,-5
45,-24,-2024,-72,-5,43,-3
50,-16,-2008,-80,-8,42,-5
55,-16,-1992,-72,-10,41,-1
60,-40,-2000,-104,-12,41,-3
65,-16,-1992,-64,-15,41,-1
70,-24,-1984,-104,-14,41,-2
75,-16,-2016,-72,-17,40,0
80,-48,-2040,-88,-17,39,-2
85,-8,-2008,-88,-16,39,-1
90,-16,-2008,-56,-14,40,-4
95,-16,-2008,-72,-11,41,-3
100,-8,-2016,-80,-7,41,-6
105,0,-2040,-56,-5,43,-3
110,-16,-2016,-88,-2,44,-6
115,-24,-2016,-80,-1,45,-4
120,-16,-2016,-80,-1,45,-5
125,-40,-2008,-72,-3,45,-3
130,-16,-1984,-80,-5,46,-4
135,0,-2000,-112,-8,46,-2
140,-8,-1992,-88,-11,48,-4
145,-16,-2016,-72,-11,49,-2
150,0,-2016,-80,-12,47,-4
155,-48,-1984,-96,-11,48,-2
160,-16,-2016,-64,-11,50,-5
165,-8,-2008,-72,-12,49,-6
170,8,-2024,-72,-12,52,-7
175,-24,-2008,-88,-13,53,-7
180,-16,-2008,-56,-12,53,-9
185,-8,-2040,-80,-11,54,-5
190,-32,-1976,-104,-9,55,-6
195,-8,-2016,-64,-7,54,-5
200,-24,-2000,-56,-6,54,-6
205,-48,-2016,-88,-4,53,-4
210,-16,-2000,-112,-7,52,-5
215,-40,-1992,-96,-10,54,-5
220,-16,-1984,-96,-12,53,-5
225,-16,-2016,-32,-13,54,-4
230,-24,-2016,-64,-13,54,-5
235,72,-2080,-24,-14,55,-4
240,-48,-1992,-88,-14,57,-5
245,8,-2032,-88,-13,55,-4
250,-8,-2000,-104,-12,55,-5
255,-8,-2000,-96,-9,55,-7
260,-16,-2008,-72,-9,56,-5
265,8,-2016,-64,-9,56,-5
270,-24,-2000,-80,-11,55,-6
275,-8,-2016,-72,-12,55,-4
280,-8,-2000,-72,-13,56,-5
285,0,-2024,-88,-15,56,-5
290,0,-2032,-80,-14,57,-4
295,-8,-2000,-96,-13,56,-6
300,-16,-2016,-80,-12,56,-4
305,-16,-2008,-48,-14,56,-6
310,-32,-2000,-64,-13,55,-5
315,-40,-2000,-96,-13,56,-5
320,-8,-2000,-96,-13,56,-4
325,-8,-2008,-80,-14,55,-4
330,8,-2016,-64,-15,55,-5
335,0,-2016,-72,-14,55,-5
340,-16,-2016,-88,-16,56,-4
345,-24,-2000,-72,-15,57,-5
350,-16,-2008,-48,-17,57,-3
355,-16,-2024,-64,-17,57,-5
360,-24,-2016,-88,-19,55,-4
365,-8,-2024,-120,-17,56,-6
370,-16,-2024,-56,-15,56,-4
375,-16,-2008,-80,-16,55,-6
380,-16,-2000,-72,-15,56,-7
385,0,-2000,-72,-13,56,-6
390,-16,-2008,-48,-15,55,-5
395,-16,-1992,-40,-14,56,-6
400,-24,-2016,-64,-14,55,-4
405,8,-2032,-88,-14,57,-6
410,-24,-1992,-64,-14,56,-2
415,16,-1984,-88,-14,55,-5
420,-8,-1992,-80,-13,56,-3
425,8,-2016,-64,-14,55,-3
430,0,-2000,-72,-12,56,-3
435,-8,-2008,-56,-14,55,-5
440,-16,-2008,-80,-15,55,-4
445,0,-2008,-96,-16,56,-6
450,-32,-2000,-72,-15,57,-4
455,0,-2008,-88,-16,57,-5
460,-8,-2008,-56,-16,58,-2
465,-24,-2000,-64,-18,58,-6
470,-16,-2016,-64,-17,56,-3
475,0,-2032,-64,-17,58,-5
480,-24,-2024,-72,-16,58,-2
485,-16,-2016,-120,-17,60,-3
490,-8,-2016,-80,-17,59,-1
495,-8,-2008,-96,-18,61,-3
500,-32,-2008,-96,-16,61,-1
505,-8,-2016,-48,-15,61,-3
510,-64,-2032,-200,-14,61,-1
515,8,-2016,-80,-11,61,-5
520,-40,-2000,-56,-8,59,-3
525,-24,-2024,-56,-9,58,-4
530,-24,-2032,-96,-9,56,-2
535,-24,-2008,-48,-10,55,-6
540,-24,-2032,-64,-12,56,-3
545,-24,-2000,-104,-15,55,-4
550,-16,-2032,-80,-15,53,-1
555,-32,-2016,-56,-16,54,-4
560,-24,-2016,-80,-16,51,0
565,-32,-2016,-88,-14,51,-2
570,-8,-1976,-88,-12,51,1
575,-16,-2016,-80,-12,49,-1
580,0,-1992,-80,-13,50,0
585,-40,-1992,-104,-15,52,-3
590,-8,-2008,-80,-17,49,-2
595,-8,-2016,-104,-19,51,-4
600,8,-2032,-80,-19,50,-2
605,8,-2016,-96,-18,50,-4
610,0,-2024,-88,-19,50,-2
615,-24,-2000,-56,-21,51,-4
620,0,-2016,-48,-22,48,-2
625,-8,-2008,-80,-21,49,-3
630,-8,-2024,-80,-16,50,-1
635,-8,-2008,-80,-15,51,-3
640,-32,-1992,-96,-13,51,-1
645,-40,-2024,-56,-10,50,-4
650,-16,-2008,-80,-8,51,-2
655,-32,-2024,-96,-6,52,-2
660,-24,-2000,-96,-7,52,-2
665,0,-1992,-88,-9,52,-2
670,-16,-2008,-80,-10,51,-1
675,8,-2008,-88,-14,51,-3
680,8,-2032,-80,-18,52,-1
685,-40,-2032,-64,-20,51,-2
690,-16,-2016,-72,-21,50,-1
695,-32,-2016,-88,-21,49,-2
700,-8,-2032,-40,-20,49,-2
705,-8,-2000,-80,-19,49,-2
710,-8,-2016,-24,-19,49,-1
715,-24,-2008,-56,-19,49,-2
720,-40,-2000,-80,-18,48,-1
725,-16,-2016,-112,-17,48,-1
730,-8,-2016,-88,-16,48,1
735,-24,-2016,-112,-15,49,-1
740,-24,-2008,-104,-16,49,2
745,-8,-2032,-88,-19,51,2
750,-24,-2000,-96,-18,50,2
755,-32,-2000,-104,-18,50,0
760,-24,-2016,-96,-18,49,-2
765,-8,-2032,-96,-20,49,-2
770,-8,-2024,-80,-21,48,0
775,-16,-2016,-64,-18,47,0
780,-16,-2024,-88,-14,46,0
785,-16,-2024,-96,-9,48,0
790,-24,-2008,-96,-5,49,-1
795,-8,-2000,-56,-5,50,-1
800,-32,-2016,-88,-5,50,-1
805,-40,-2000,-48,-5,49,-1
810,-40,-2024,-64,-4,49,-3
815,-24,-1992,-120,-4,47,-2
820,-56,-2000,-96,-5,46,-1
825,-16,-2000,-104,-7,44,0
830,-32,-1984,-112,-9,45,-2
835,-16,-1992,-72,-12,46,1
840,-24,-1992,-56,-13,46,0
845,16,-2016,-72,-12,44,1
850,8,-2032,-32,-12,46,0
855,8,-2000,-96,-9,45,1
860,-8,-1976,-96,-2,44,-9
865,-24,-1936,-136,1,42,-18
870,-40,-1984,-104,-13,43,-11
875,-8,-2000,-80,-30,45,-5
880,0,-2040,-56,-41,45,-2
885,-8,-2072,-40,-41,47,2
890,-48,-2096,-32,-28,49,-4
895,-32,-2032,-96,-12,48,-2
900,-16,-2016,-72,-5,45,-5
905,-8,-2016,-48,-6,46,-3
910,-24,-2008,-64,-10,46,-2
915,-24,-2000,-56,-12,48,2
920,-8,-2008,-48,-12,51,-5
925,-8,-1992,-88,-8,51,-6
930,0,-2008,-64,-10,54,-8
935,8,-1992,-80,-13,56,-5
940,-8,-1984,-104,-17,56,-8
945,-8,-2008,-80,-20,59,-7
950,-16,-2008,-104,-20,61,-8
955,-16,-2024,-88,-19,63,-6
960,-16,-2024,-112,-17,64,-7
965,-24,-2024,-104,-14,65,-5
970,-8,-2016,-72,-14,68,-8
975,-32,-2008,-80,-13,70,-8
980,-16,-2032,-64,-12,72,-9
985,-32,-2008,-56,-11,72,-7
990,-40,-2000,-64,-10,72,-7
995,-40,-2016,-72,-10,71,-5
1000,-32,-2024,-64,-11,69,-8
1005,-32,-2000,-72,-11,68,-5
1010,0,-2008,-64,-11,67,-7
1015,-24,-2024,-96,-12,68,-3
1020,8,-2000,-80,-13,66,-5
1025,-16,-2016,-56,-16,67,-1
1030,-24,-2016,-88,-15,67,-2
1035,-32,-2008,-72,-16,67,0
1040,-32,-1992,-72,-14,66,-2
1045,-8,-1992,-88,-16,66,0
1050,-8,-2016,-104,-14,67,-1
1055,-24,-2008,-48,-16,67,0
1060,0,-2024,-88,-13,66,-2
1065,-16,-2016,-72,-12,67,1
1070,-16,-2008,-64,-11,67,-2
1075,-16,-2016,-104,-8,66,-1
1080,-24,-2016,-104,-8,67,-4
1085,-48,-2016,-112,-6,65,-2
1090,-40,-2008,-72,-5,65,-6
1095,-24,-2008,-72,-6,64,-5
1100,16,-2016,-48,-7,63,-6
1105,-8,-2032,-88,-6,64,-5
1110,-32,-1992,-96,-7,63,-6
1115,-8,-1992,-72,-5,63,-5
1120,-8,-1992,-88,-6,62,-6
1125,-16,-2008,-72,-8,62,-5
1130,8,-2000,-96,-9,63,-7
1135,-16,-2000,-96,-11,61,-5
1140,-24,-1992,-56,-12,60,-7
1145,-16,-2016,-80,-13,60,-6
1150,0,-2016,-80,-13,62,-6
1155,0,-2000,-64,-14,62,-6
1160,-8,-2016,-88,-14,62,-7
1165,-8,-2000,-88,-16,61,-5
1170,8,-2008,-64,-16,63,-7
1175,-24,-2024,-96,-17,62,-4
1180,-8,-2024,-96,-15,61,-5
1185,-16,-2048,-72,-13,60,-4
1190,-8,-1984,-88,-14,59,-5
1195,-32,-1992,-72,-13,60,-3
1200,-48,-2008,-104,-12,58,-2
1205,-24,-2008,-64,-13,58,-1
1210,-40,-2024,-56,-15,58,-2
1215,-16,-2016,-72,-16,57,-1
1220,-32,-2024,-88,-16,58,-1
1225,-8,-2008,-96,-17,58,0
1230,-16,-2008,-136,-16,55,1
1235,-8,-2000,-80,-14,55,0
1240,-16,-2048,-104,-14,54,0
1245,-16,-2008,-32,-12,54,-2
1250,-24,-2024,-96,-12,53,-2
1255,-8,-2016,-72,-12,53,-3
1260,-8,-2032,-72,-9,53,-3
1265,-16,-2016,-88,-9,53,-3
1270,16,-2008,-80,-8,51,-3
1275,-24,-1992,-72,-8,51,-4
1280,-16,-2008,-64,-8,51,-2
1285,-8,-2000,-120,-7,48,-1
1290,0,-2008,-96,-9,48,0
1295,0,-1992,-96,-11,49,0
1300,-40,-2000,-56,-12,49,3
1305,-24,-2008,-80,-11,46,4
1310,-16,-2008,-80,-13,46,4
1315,-16,-2000,-96,-15,46,3
1320,-32,-1992,-48,-20,46,2
1325,-32,-2024,-96,-22,44,1
1330,-16,-2016,-80,-21,46,2
1335,-32,-2024,-80,-18,45,1
1340,0,-2040,-104,-15,42,3
1345,-32,-2016,-64,-16,40,0
1350,-32,-2008,-88,-16,40,1
1355,-8,-2000,-80,-15,38,1
1360,8,-2008,-72,-18,36,2
1365,-8,-2008,-80,-21,36,0
1370,-8,-2000,-72,-24,35,0
1375,0,-2016,-56,-26,36,0
1380,-24,-1984,-80,-28,37,2
1385,-8,-2008,-48,-28,37,0
1390,-16,-2024,-64,-29,37,1
1395,-8,-2024,-96,-29,36,-1
1400,-8,-2024,-104,-30,38,0
1405,8,-1984,-96,-28,39,-2
1410,-8,-2008,-72,-27,40,-1
1415,0,-2000,-56,-25,41,-3
1420,16,-2016,-48,-23,42,-2
1425,-16,-2024,-56,-23,45,-3
1430,-8,-2008,-80,-24,43,-2
1435,0,-2032,-80,-25,45,-4
1440,-16,-2016,-96,-26,46,-1
1445,16,-2016,-88,-25,47,-2
1450,0,-2032,-64,-22,47,-1
1455,0,-2024,-56,-20,48,-3
1460,16,-2008,-64,-19,50,-2
1465,-8,-1992,-96,-21,51,-5
1470,-16,-2000,-40,-20,54,-2
1475,8,-2008,-88,-18,55,-2
1480,-8,-1984,-80,-17,57,0
1485,0,-2016,-72,-19,59,-2
1490,-8,-2016,-96,-19,61,-1
1495,-8,-2008,-80,-17,64,-4
1500,-24,-2008,-88,-17,65,-1
1505,0,-2024,-88,-15,64,-3
1510,-16,-2032,-80,-15,66,-1
1515,-8,-2040,-56,-16,68,-5
1520,8,-2024,-96,-16,70,-3
1525,-8,-2024,-64,-14,70,-5
1530,-24,-2008,-88,-13,69,-2
1535,-48,-2000,-80,-10,70,-5
1540,-48,-2016,-80,-9,69,-3
1545,-64,-2048,-40,-9,68,-5
1550,-32,-2000,-96,-10,68,-4
1555,-32,-1992,-88,-11,67,-5
1560,-48,-1984,-88,-14,66,-4
1565,-32,-2000,-96,-17,65,-5
1570,-16,-2000,-80,-20,65,-2
1575,-24,-2008,-88,-20,65,-3
1580,-32,-2024,-56,-21,64,0
1585,-32,-2016,-72,-22,62,-3
1590,-24,-2040,-96,-20,62,-2
1595,-24,-2016,-120,-18,61,-3
1600,-16,-2016,-80,-17,58,-3
1605,-24,-2024,-96,-18,57,-4
1610,-32,-2008,-88,-18,57,-3
1615,-24,-2008,-88,-18,56,-5
1620,-24,-2016,-96,-16,56,-4
1625,-40,-2008,-104,-17,53,-3
1630,-40,-2008,-56,-18,51,-3
1635,-32,-2016,-96,-19,48,-3
1640,-40,-1984,-80,-18,47,-3
1645,-40,-2000,-80,-19,45,-1
1650,-64,-2000,-56,-20,46,-1
1655,-32,-1984,-96,-23,43,0
1660,-32,-2016,-72,-25,45,1
1665,-16,-2032,-72,-28,45,1
1670,-48,-2008,-88,-28,43,1
1675,-40,-2000,-96,-28,42,2
1680,-8,-2016,-88,-25,43,1
1685,-8,-2008,-120,-25,44,1
1690,-8,-2000,-88,-24,44,0
1695,8,-2000,-104,-25,45,0
1700,-16,-2016,-96,-25,45,-1
1705,-8,-2032,-96,-25,45,-3
1710,-16,-1984,-88,-25,48,-4
1715,-8,-1984,-104,-26,49,-6
1720,-16,-2016,-56,-26,52,-5
1725,16,-2032,-120,-25,53,-4
1730,-8,-2024,-96,-22,54,-3
1735,-24,-2016,-64,-19,54,-2
1740,0,-2016,-72,-16,55,-2
1745,0,-2032,-96,-14,57,-2
1750,-24,-2024,-88,-13,58,-2
1755,-32,-1992,-120,-14,59,-1
1760,-32,-2032,-104,-16,61,-1
1765,-16,-2016,-88,-18,61,0
1770,-32,-1992,-112,-19,62,-2
1775,-32,-2000,-96,-21,64,-1
1780,-24,-2008,-88,-21,66,-3
1785,-16,-1992,-120,-23,66,-2
1790,0,-2032,-80,-24,66,-4
1795,-16,-2016,-88,-21,67,-2
1800,-8,-2024,-88,-19,66,-4
1805,-16,-2032,-88,-17,66,-3
1810,0,-2016,-104,-15,66,-5
1815,-40,-1992,-88,-12,68,-2
1820,-24,-2008,-88,-11,68,-4
1825,-32,-2008,-88,-10,67,-3
1830,-48,-2000,-56,-9,67,-6
1835,-32,-1992,-56,-8,66,-4
1840,-32,-2016,-104,-7,64,-4
1845,-40,-2016,-56,-7,65,-3
1850,-32,-1992,-96,-9,64,-6
1855,-8,-2000,-80,-10,63,-4
1860,-24,-2008,-48,-12,62,-6
1865,-16,-2008,-112,-17,63,-3
1870,8,-2008,-80,-19,64,-6
1875,-24,-2016,-80,-21,62,-3
1880,-24,-2000,-88,-21,61,-5
1885,-32,-2024,-96,-22,61,-4
1890,-24,-2008,-80,-19,60,-5
1895,-24,-2024,-136,-18,59,-2
1900,-48,-2000,-120,-18,57,-6
1905,-24,-2000,-96,-16,57,-3
1910,-24,-2032,-104,-17,54,-4
1915,-32,-2000,-88,-17,54,-3
1920,-48,-2000,-104,-16,55,-5
1925,-16,-1992,-160,-17,54,-2
1930,-16,-2008,-96,-17,51,-4
1935,0,-2016,-88,-16,50,-1
1940,-16,-2008,-88,-17,52,-3
1945,-8,-2000,-96,-17,51,-1
1950,-24,-1992,-112,-20,50,-4
1955,-16,-2000,-80,-20,51,-2
1960,8,-2000,-104,-21,52,-3
1965,0,-2016,-104,-21,53,-1
1970,-16,-2024,-88,-23,53,-3
1975,-16,-1992,-72,-22,54,1
1980,0,-1984,-80,-23,54,-2
1985,-8,-2024,-96,-23,55,-1
1990,-32,-2016,-112,-22,55,-3
1995,-16,-2008,-128,-20,56,-2
2000,-16,-2032,-88,-20,56,-6
2005,-8,-2032,-120,-19,55,-3
2010,-16,-2008,-104,-18,56,-5
2015,-8,-2032,-112,-16,56,-2
2020,-8,-2000,-88,-12,55,-6
2025,-8,-2040,-56,-12,56,-2
2030,-32,-2000,-112,-11,58,-4
2035,-16,-2024,-96,-10,56,-4
2040,-24,-2032,-120,-11,58,-4
2045,-24,-2000,-112,-8,58,-3
2050,-16,-2000,-96,-9,58,-5
2055,-40,-2000,-64,-12,59,-2
2060,-56,-1984,-72,-14,59,-6
2065,-24,-2016,-88,-13,59,-4
2070,-16,-2000,-72,-14,60,-5
2075,-16,-2000,-88,-15,62,-3
2080,-16,-2016,-104,-14,62,-5
2085,-8,-2016,-104,-14,61,-3
2090,-32,-2024,-88,-14,61,-5
2095,-16,-2008,-72,-13,60,-4
2100,-8,-2016,-48,-12,59,-6
2105,-24,-2016,-88,-12,59,-3
2110,8,-2008,-56,-13,58,-5
2115,-24,-2016,-40,-12,58,-5
2120,-32,-2016,-112,-12,59,-5
2125,-24,-2008,-96,-12,57,-5
2130,0,-2008,-96,-12,58,-3
2135,-16,-2040,-88,-12,58,-4
2140,-24,-2000,-104,-12,57,-4
2145,-16,-2008,-112,-12,58,-2
2150,-24,-1960,-80,-13,57,-3
2155,0,-2024,-104,-13,59,-4
2160,-16,-2016,-88,-14,59,-3
2165,-8,-2000,-64,-14,59,-4
2170,-32,-2016,-120,-13,57,-4
2175,0,-2000,-72,-12,58,-4
2180,-16,-2016,-104,-11,59,-5
2185,-24,-2016,-88,-10,58,-5
2190,-8,-2008,-88,-9,58,-4
2195,-24,-1976,-112,-9,58,-4
2200,-8,-2008,-88,-12,59,-3
2205,-32,-2000,-80,-15,58,-3
2210,-24,-2008,-64,-18,58,-2
2215,-16,-2000,-80,-21,57,-4
2220,-32,-2008,-104,-24,57,-3
2225,-32,-2000,-88,-26,56,-3
2230,-8,-2008,-112,-28,56,-2
2235,-32,-2024,-88,-28,56,-3
2240,-48,-2016,-80,-28,52,-1
2245,-16,-2032,-120,-27,56,-4
2250,-24,-2016,-96,-24,58,-2
2255,-16,-2008,-104,-21,58,-5
2260,0,-2008,-72,-20,59,-3
2265,-8,-2032,-88,-19,60,-4
2270,-24,-2016,-112,-18,61,-4
2275,-24,-2000,-112,-17,61,-5
2280,-16,-2016,-104,-16,62,-3
2285,-24,-2016,-72,-17,60,-5
2290,-32,-2024,-112,-16,61,-4
2295,-8,-2016,-88,-14,60,-6
2300,-24,-2000,-104,-13,60,-4
2305,-72,-1976,-184,-11,61,-5
2310,-40,-1960,-104,-11,61,-4
2315,-40,-2024,-112,-13,61,-5
2320,-24,-2000,-104,-13,61,-3
2325,-8,-2008,-120,-14,60,-4
2330,-24,-2008,-72,-15,61,-2
2335,-40,-2008,-80,-16,61,-5
2340,-16,-2016,-112,-17,61,-2
2345,0,-2032,-64,-17,61,-3
2350,-24,-2024,-80,-17,63,0
2355,-40,-2024,-120,-15,62,-3
2360,-24,-2016,-120,-15,62,-3
2365,0,-2024,-112,-13,63,-3
2370,0,-2024,-112,-10,64,-2
2375,-16,-2040,-80,-8,62,-4
2380,-32,-2024,-104,-7,62,-3
2385,-24,-2000,-88,-6,62,-6
2390,-32,-2016,-88,-3,61,-4
2395,-16,-2000,-96,-1,61,-6
2400,-32,-2024,-136,0,62,-3
2405,-40,-2000,-120,2,60,-4
2410,-32,-2016,-104,2,59,-2
2415,-40,-2024,-96,3,59,-4
2420,-8,-2040,-64,3,59,-2
2425,-32,-2000,-64,4,59,-4
2430,-48,-2000,-88,5,59,0
2435,-48,-2000,-72,6,58,-4
2440,-40,-1984,-80,5,58,-1
2445,-16,-2024,-80,4,57,-5
2450,-8,-2008,-96,3,57,-3
2455,-32,-2016,-72,1,55,-6
2460,-24,-2008,-80,2,55,-3
2465,-8,-2032,-96,2,53,-4
2470,-24,-2016,-88,3,53,-3
2475,-24,-2008,-56,3,52,-5
2480,-56,-2016,-96,4,51,-4
2485,-24,-2016,-56,5,50,-7
2490,-8,-2008,-72,6,48,-3
2495,-24,-2016,-96,6,47,-4
2500,-32,-2008,-88,7,47,-3
2505,-24,-2000,-104,7,46,-4
2510,-48,-1984,-88,6,45,-2
2515,-32,-1984,-80,3,44,-3
2520,-24,-1984,-64,0,42,-1
2525,-56,-1992,-40,-4,41,-2
2530,-40,-2000,-80,-5,42,-1
2535,-40,-1992,-40,-8,40,-3
2540,-8,-2024,-64,-8,40,-2
2545,-32,-2008,-48,-10,39,-3
2550,-16,-2016,-24,-12,37,-2
2555,-8,-2024,-80,-13,37,-3
2560,-8,-2016,-72,-12,36,-2
2565,-24,-2032,-72,-11,36,-5
2570,-16,-2040,-56,-10,35,-3
2575,-32,-2032,-104,-7,36,-3
2580,8,-2032,-32,-6,36,-3
2585,-32,-2032,-88,-4,36,-4
2590,-8,-2032,-112,-2,35,-3
2595,0,-2048,-120,0,33,-5
2600,-24,-2056,-120,5,32,-6
2605,-16,-2048,-112,10,33,-6
2610,8,-2032,-112,14,35,-7
2615,-16,-2040,-112,18,36,-7
2620,-8,-1992,-104,20,35,-7
2625,-8,-2016,-80,18,36,-8
2630,-16,-2000,-80,19,37,-6
2635,8,-1992,-96,15,38,-6
2640,-16,-1952,-104,11,39,-6
2645,-16,-2000,-80,6,40,-3
2650,-8,-1992,-88,3,41,-4
2655,-8,-2000,-56,-1,43,-1
2660,-16,-1976,-48,-4,42,-2
2665,-16,-2000,-64,-8,43,0
2670,-24,-2016,-88,-10,42,0
2675,-16,-2000,-88,-14,43,1
2680,0,-2008,-88,-16,45,1
2685,0,-2016,-144,-17,45,2
2690,-16,-2024,-88,-18,46,-1
2695,-8,-2016,-80,-15,48,1
2700,-8,-2008,-120,-15,48,0
2705,-8,-2008,-112,-14,50,1
2710,-40,-2000,-104,-13,51,-1
2715,-32,-2024,-112,-10,53,0
2720,0,-2016,-72,-8,54,-2
2725,-8,-2024,-96,-6,55,-2
2730,-16,-2000,-88,-3,55,-3
2735,-24,-1976,-104,-3,53,-1
2740,-8,-2016,-80,-5,54,-4
2745,0,-2024,-88,-8,52,-1
2750,-16,-2008,-88,-12,53,-3
2755,-8,-1984,-96,-15,53,-2
2760,-32,-2016,-96,-16,52,-5
2765,-48,-2024,-80,-17,52,-1
2770,-24,-2040,-96,-17,52,-4
2775,-40,-2024,-104,-14,51,-2
2780,-32,-2048,-136,-11,49,-4
2785,-32,-2032,-136,-10,47,-1
2790,-32,-2040,-144,-9,47,-4
2795,-40,-2016,-104,-5,47,-4
2800,-24,-2032,-104,-1,46,-7
2805,-8,-2024,-120,5,45,-5
2810,8,-2032,-96,7,45,-7
2815,0,-2016,-128,10,45,-6
2820,0,-2024,-136,14,46,-8
2825,-16,-2008,-80,16,48,-5
2830,-8,-2016,-112,16,49,-7
2835,-24,-2000,-120,17,50,-4
2840,-40,-1992,-112,19,51,-5
2845,-32,-1992,-120,18,50,-3
2850,-24,-2016,-88,18,51,-3
2855,-40,-1992,-120,17,51,-1
2860,-32,-2008,-56,14,52,-2
2865,-24,-2008,-112,12,53,0
2870,-40,-2000,-88,9,53,-3
2875,-24,-1992,-96,5,54,-1
2880,-8,-1976,-80,3,54,-5
2885,-16,-1976,-80,0,54,-3
2890,-16,-2008,-56,-4,54,-6
2895,-32,-2008,-80,-8,53,-5
2900,-8,-2000,-72,-12,54,-8
2905,-16,-1984,-64,-14,56,-4
2910,-24,-2016,-72,-15,56,-5
2915,-8,-2008,-96,-12,57,-5
2920,-16,-2024,-104,-14,58,-6
2925,-16,-2016,-80,-11,60,-5
2930,-24,-2016,-80,-8,59,-6
2935,-24,-2008,-88,-6,59,-3
2940,-40,-2016,-104,-6,61,-5
2945,-40,-2000,-96,-6,61,-4
2950,-32,-2016,-88,-7,62,-6
2955,-24,-2016,-72,-8,61,-5
2960,-48,-2016,-88,-9,61,-6
2965,-40,-2032,-72,-7,60,-4
2970,-24,-2040,-104,-6,61,-8
2975,0,-2032,-104,-4,58,-8
2980,-56,-2008,-96,-3,59,-8
2985,-24,-2016,-88,-5,59,-7
2990,-24,-2024,-88,-6,59,-9
2995,-24,-2008,-80,-5,59,-8
3000,-24,-1976,-56,-4,59,-7
3005,-8,-2016,-56,-4,58,-6
3010,-48,-2000,-64,-3,57,-6
3015,-24,-2000,-96,-2,57,-4
3020,-56,-2008,-88,-2,56,-5
3025,-32,-2000,-96,-2,56,-4
3030,-24,-2016,-48,1,55,-5
3035,-48,-1992,-72,0,54,-3
3040,-40,-2016,-72,1,54,-3
3045,0,-1992,-72,1,53,-3
3050,-32,-2016,-72,1,53,-2
3055,-32,-2024,-64,-1,53,-2
3060,-32,-2008,-48,0,53,-2
3065,-8,-2016,-64,0,51,-2
3070,-32,-2000,-64,-1,51,-2
3075,-24,-2008,-72,-1,51,0
3080,-40,-2008,-88,0,50,-1
3085,-40,-2000,-64,-1,49,-2
3090,-40,-1968,-80,-1,48,-2
3095,-8,-2000,-48,-4,49,-3
3100,-24,-2008,-88,-6,48,-1
3105,-16,-2008,-56,-9,48,-2
3110,-16,-2008,-56,-10,48,-1
3115,-24,-2000,-56,-13,47,-1
3120,-32,-2000,-72,-13,46,-1
3125,-24,-2008,-88,-14,44,-2
3130,-32,-2008,-80,-13,43,-1
3135,-64,-2016,-56,-12,41,-2
3140,-32,-1992,-96,-14,40,0
3145,-24,-2008,-72,-13,38,-1
3150,-8,-2000,-88,-12,38,0
3155,-32,-2040,-64,-11,38,-1
3160,-8,-2032,-96,-11,38,0
3165,-8,-2016,-64,-12,36,-1
3170,-40,-2000,-64,-10,34,2
3175,-16,-2016,-40,-10,35,1
3180,-8,-2032,-40,-10,34,3
3185,-32,-1984,-72,-13,34,2
3190,-16,-2016,-64,-13,34,3
3195,-40,-1984,-72,-12,34,1
3200,-32,-2024,-72,-14,34,4
3205,-16,-2008,-80,-13,34,4
3210,-32,-2000,-56,-13,34,3
3215,-24,-2016,-80,-12,36,2
3220,-24,-2032,-56,-12,35,4
3225,-32,-2008,-56,-11,35,0
3230,-8,-2024,-72,-11,35,2
3235,0,-2024,-64,-9,36,0
3240,0,-2016,-104,-7,37,0
3245,-16,-2024,-80,-4,38,-1
3250,-8,-2032,-88,0,40,3
3255,-16,-2016,-96,3,41,0
3260,-40,-2000,-56,5,40,2
3265,-32,-2000,-88,4,42,-1
3270,-8,-2008,-64,3,40,1
3275,0,-2008,-56,0,42,-2
3280,-24,-1992,-64,-4,41,1
3285,-24,-1984,-64,-7,42,-2
3290,-16,-1992,-32,-11,42,0
3295,-24,-2008,-48,-13,43,-2
3300,-32,-2008,-80,-14,45,-2
3305,8,-2024,-32,-14,44,-4
3310,-16,-2008,-64,-13,44,-2
3315,-16,-1992,-56,-12,45,-4
3320,-8,-2024,-88,-12,46,-2
3325,-24,-2000,-64,-13,47,-4
3330,-8,-2000,-32,-13,49,-2
3335,-16,-2008,-80,-13,50,-5
3340,-16,-1984,-96,-12,52,-2
3345,0,-2016,-80,-11,51,-4
3350,0,-2016,-72,-14,52,-2
3355,-24,-2016,-56,-16,52,-3
3360,-8,-2008,-96,-16,51,-1
3365,-16,-2008,-112,-15,52,-3
3370,-32,-2016,-80,-14,54,0
3375,-16,-2008,-96,-10,54,-2
3380,-16,-2032,-56,-8,53,0
3385,-16,-2024,-80,-6,55,-3
3390,-32,-2000,-48,-7,55,-2
3395,-40,-2000,-48,-5,56,-3
3400,-16,-2016,-56,-6,57,-1
3405,-24,-2008,-56,-7,57,-3
3410,-16,-2024,-40,-6,56,-2
3415,0,-2024,-64,-7,57,-4
3420,0,-2024,-64,-8,58,-3
3425,-24,-2008,-56,-7,56,-4
3430,8,-2008,-56,-5,56,-3
3435,-24,-2008,-64,-6,57,-4
3440,0,-2024,-80,-7,58,-3
3445,0,-2008,-80,-7,59,-4
3450,-24,-2032,-48,-4,59,-3
3455,-32,-2000,-64,-4,59,-4
3460,0,-2008,-104,-2,59,-3
3465,-16,-2000,-40,-1,59,-4
3470,-24,-2016,-88,-1,57,-2
3475,-24,-2000,-72,-2,58,-2
3480,-32,-2016,-80,-5,58,-4
3485,8,-2024,-80,-5,57,-2
3490,-16,-2032,-72,-7,58,-2
3495,-16,-2024,-80,-6,57,-1
3500,-40,-2024,-48,-4,57,-2
3505,0,-2024,-88,-3,57,-3
3510,-16,-2024,-80,-2,58,-4
3515,-32,-2008,-56,-1,57,-5
3520,-40,-2000,-56,-1,58,-6
3525,-24,-2000,-64,-2,58,-4
3530,-32,-2008,-56,-3,57,-5
3535,-24,-1992,-64,-4,57,-5
3540,-24,-1992,-64,-6,56,-6
3545,-16,-2008,-56,-7,59,-6
3550,0,-2008,-88,-7,57,-6
3555,-24,-2008,-64,-7,57,-4
3560,-8,-2016,-88,-8,58,-3
3565,-24,-2008,-32,-8,58,-1
3570,-24,-2000,-88,-6,58,-3
3575,-64,-2008,-72,-5,58,-2
3580,-16,-2024,-80,-5,56,-5
3585,-32,-2016,-72,-3,58,-4
3590,16,-2024,-48,-1,57,-6
3595,0,-2016,-96,0,57,-5
3600,-8,-2008,-32,0,57,-5
3605,-8,-2024,-64,2,57,-4
3610,-8,-2016,-64,-1,60,-7
3615,-24,-2008,-72,1,60,-4
3620,8,-2024,-72,2,60,-6
3625,-40,-2008,-72,2,60,-3
3630,-8,-2016,-72,1,61,-4
3635,-24,-2024,-48,3,60,-2
3640,0,-2024,-72,3,61,-4
3645,-40,-2024,-56,1,61,-4
3650,-32,-2032,-80,1,62,-7
3655,-40,-2000,-88,2,60,-3
3660,-32,-2016,-80,0,60,-5
3665,16,-2032,-72,0,60,-3
3670,-32,-2040,-56,0,60,-6
3675,-16,-2000,-64,2,61,-4
3680,-24,-2024,-24,2,61,-7
3685,-8,-2000,-40,1,61,-5
3690,-8,-2000,-40,2,60,-7
3695,-32,-2000,-72,3,61,-4
3700,-8,-2008,-80,3,62,-6
3705,-24,-2016,-64,3,62,-3
3710,0,-2016,-48,3,62,-5
3715,-16,-1992,-72,2,62,-2
3720,24,-2008,-8,1,62,-5
3725,-16,-1984,-56,0,63,-2
3730,-24,-1992,-56,-2,61,-3
3735,-16,-2008,-80,-3,62,-2
3740,-8,-2016,-32,-4,64,-5
3745,0,-2016,-48,-5,64,-3
3750,-32,-1984,-88,-4,64,-4
3755,-16,-2024,-72,-4,63,-2
3760,-32,-2000,-88,-6,64,-5
3765,-24,-2016,-32,-7,64,-3
3770,-16,-2016,-40,-7,63,-7
3775,-24,-2024,-72,-7,63,-4
3780,-40,-2008,-56,-5,63,-5
3785,-8,-2008,-64,-3,64,-3
3790,-8,-2032,-16,-2,63,-5
3795,-40,-1992,-32,-3,63,-3
3800,-24,-2008,-88,-2,63,-5
3805,-16,-2000,-56,-2,63,-3
3810,-24,-1992,-64,-4,61,-6
3815,-16,-2008,-72,-6,62,-4
3820,-32,-2000,-56,-8,62,-5
3825,-16,-1992,-48,-12,61,-3
3830,-24,-2016,-40,-14,62,-5
3835,-16,-2016,-8,-14,62,-4
3840,-8,-2024,-64,-16,61,-5
3845,0,-2016,-16,-14,62,-4
3850,-48,-2024,-64,-13,61,-6
3855,-24,-2000,-48,-14,61,-5
3860,-24,-2000,-48,-14,59,-8
3865,8,-2000,-24,-14,61,-5
3870,-8,-1992,-56,-14,61,-8
3875,-24,-2016,-48,-14,62,-7
3880,-8,-2000,-16,-14,61,-8
3885,-8,-2016,-24,-17,60,-7
3890,0,-2000,-104,-17,60,-8
3895,-16,-2016,-8,-16,60,-6
3900,-16,-1992,-64,-13,60,-7
3905,-16,-2024,-64,-13,60,-6
3910,-16,-2016,-40,-13,60,-5
3915,-24,-2024,-64,-10,61,-4
3920,-56,-2008,-56,-10,60,-3
3925,-8,-2016,-40,-9,60,-3
3930,16,-2016,-48,-9,61,-3
3935,-24,-2032,-56,-7,59,-4
3940,-8,-2024,-32,-6,61,-2
3945,-8,-2024,-48,-6,61,-2
3950,-8,-2000,-80,-6,61,-3
3955,-16,-2016,-40,-7,59,-3
3960,8,-2040,-72,-8,60,-1
3965,-8,-2016,-72,-9,60,-3
3970,-24,-2024,-72,-8,59,-2
3975,-48,-1992,-64,-9,60,-3
3980,-16,-2008,-72,-10,59,-3
3985,-48,-2016,-56,-12,57,-1
3990,-16,-2016,-40,-9,57,-1
3995,80,-2032,-16,-8,57,-3
4000,-32,-2008,-64,-9,57,-3
4005,-24,-2016,-48,-8,56,-3
4010,-8,-2016,-56,-7,55,0
4015,-24,-2032,-8,-8,55,-1
4020,-24,-2000,-40,-9,53,0
4025,-32,-2016,-64,-10,52,-2
4030,-16,-2008,-56,-7,51,-1
4035,-32,-2008,-40,-8,52,-2
4040,-16,-2024,-96,-8,51,0
4045,-24,-2040,-56,-9,52,-1
4050,-24,-2016,-88,-10,51,1
4055,-40,-1992,-48,-7,52,-2
4060,-32,-2016,-24,-6,50,1
4065,-8,-2016,-64,-3,51,-1
4070,0,-2000,-56,-2,49,0
4075,0,-2032,-48,-5,50,-3
4080,-24,-2016,-32,-4,50,-1
4085,-8,-2024,-24,-5,51,-3
4090,0,-2008,-72,-4,49,-2
4095,-48,-2016,-48,-6,51,-4
4100,-40,-2024,-40,-5,51,-3
4105,-16,-2024,-48,-2,50,-5
4110,-8,-2016,-40,1,49,-2
4115,-8,-2016,-56,3,47,-5
4120,-8,-2008,-32,3,47,-3
4125,-32,-2024,-40,3,48,-6
4130,-8,-2024,-56,5,45,-3
4135,-8,-2024,-64,4,46,-6
4140,-32,-2016,-64,6,47,-4
4145,-24,-1992,-56,6,45,-6
4150,-8,-2016,-48,4,46,-3
4155,-16,-2000,-48,5,44,-5
4160,-8,-2016,-72,6,43,-3
4165,-32,-2008,-56,7,44,-6
4170,-32,-2008,-72,10,42,-5
4175,-40,-2000,-72,11,44,-7
4180,-16,-2032,-64,13,45,-6
4185,-24,-2024,-40,15,46,-8
4190,-16,-2016,-56,17,47,-7
4195,-32,-2008,-56,20,46,-10
4200,-24,-2016,-56,23,46,-7
4205,-16,-2000,-32,21,46,-9
4210,-8,-2000,-24,21,46,-8
4215,-16,-2024,-64,20,48,-12
4220,-8,-2008,-64,21,49,-10
4225,-16,-2008,-48,22,49,-12
4230,-32,-2008,-40,21,49,-9
4235,-40,-1960,-64,20,51,-12
4240,-16,-1984,-56,18,51,-9
4245,16,-2000,-48,17,52,-11
4250,-8,-2008,-16,18,52,-8
4255,-24,-2000,-40,15,53,-11
4260,0,-2016,-24,14,54,-8
4265,-16,-1992,-8,13,55,-8
4270,-24,-1992,-32,12,54,-7
4275,-32,-1984,-32,11,53,-8
4280,-32,-2000,-64,9,55,-6
4285,-24,-1992,-48,7,55,-6
4290,0,-1976,-8,6,55,-4
4295,-16,-2000,-8,4,55,-6
4300,-48,-2000,-72,1,55,-5
4305,-8,-2016,-48,-2,54,-5
4310,-24,-1984,-32,-3,55,-5
4315,0,-2024,-56,-3,55,-5
4320,-32,-1992,-80,-3,54,-4
4325,-24,-2000,-16,-5,54,-6
4330,0,-1992,-64,-6,54,-5
4335,-16,-1976,-48,-6,54,-4
4340,-16,-2000,-32,-8,54,-5
4345,8,-2000,-24,-9,55,-6
4350,-32,-1984,-40,-12,55,-5
4355,-24,-2008,-48,-14,55,-5
4360,-40,-2008,-48,-14,54,-5
4365,-24,-2024,-40,-16,54,-7
4370,-40,-2008,-56,-16,55,-6
4375,-32,-2040,-40,-17,57,-7
4380,-16,-2040,-48,-17,55,-7
4385,-24,-2016,-32,-16,55,-7
4390,0,-2024,-8,-16,53,-7
4395,-32,-2032,-40,-14,53,-6
4400,-32,-2008,-32,-13,52,-8
4405,0,-2024,-40,-13,52,-7
4410,0,-2016,-32,-9,52,-7
4415,8,-2008,-56,-9,51,-6
4420,0,-2016,-64,-10,52,-7
4425,-8,-2000,-16,-11,52,-6
4430,-32,-1992,-72,-12,53,-7
4435,-8,-2016,-48,-14,54,-6
4440,8,-2032,-56,-11,53,-7
4445,-24,-2000,-48,-9,54,-5
4450,-24,-1992,-24,-7,53,-5
4455,-24,-2000,-24,-6,54,-5
4460,-16,-2000,-32,-6,55,-6
4465,-40,-2008,-32,-6,55,-5
4470,-24,-2016,-24,-8,55,-7
4475,-8,-2000,-24,-7,56,-6
4480,-24,-2024,-40,-7,56,-7
4485,0,-2016,-16,-7,55,-4
4490,-24,-2000,-16,-8,54,-6
4495,8,-1992,-8,-9,55,-6
4500,-24,-1992,-40,-11,52,-7
4505,-16,-2000,-40,-13,53,-3
4510,-16,-2000,-80,-13,52,-6
4515,-16,-2008,-48,-15,52,-4
4520,-16,-2016,-32,-14,53,-6
4525,-24,-2016,-48,-14,53,-3
4530,-24,-1984,-32,-14,55,-5
4535,-24,-2016,-56,-13,54,-2
4540,-16,-2000,-24,-12,54,-4
4545,-32,-2024,-48,-12,54,-3
4550,-24,-2016,-24,-13,53,-4
4555,-16,-2016,-48,-15,53,-2
4560,0,-2000,-32,-17,53,-4
4565,8,-2024,-48,-17,52,-3
4570,-16,-2008,-8,-16,52,-3
4575,-48,-2008,-56,-14,53,0
4580,-16,-2032,-56,-12,52,-3
4585,-32,-2016,-72,-11,51,0
4590,-40,-2008,-16,-9,51,-2
4595,-24,-1992,-40,-8,49,0
4600,-16,-2024,-8,-8,49,-1
4605,-16,-2024,-24,-8,50,2
4610,-32,-1992,-32,-8,48,1
4615,-24,-2000,-32,-9,47,2
4620,-24,-2008,-40,-10,46,1
4625,-8,-2016,-8,-7,46,3
4630,-40,-2032,-56,-4,47,1
4635,-56,-2024,-16,-1,43,2
4640,-56,-2032,-72,2,39,2
4645,-64,-1992,-80,8,39,5
4650,-48,-2008,-32,10,36,8
4655,-40,-2016,-104,7,34,12
4660,-48,-2016,-48,4,32,13
4665,-64,-2008,-64,3,31,15
4670,-64,-2016,-24,1,28,15
4675,-64,-2000,-8,0,24,19
4680,-88,-1984,-24,-2,20,18
4685,-96,-1992,-8,-3,14,22
4690,-88,-1992,-56,-4,13,22
4695,-88,-1984,-16,-6,11,24
4700,-72,-2024,-48,-9,8,28
4705,-80,-2016,8,-12,9,34
4710,-72,-2032,8,-15,8,35
4715,-56,-2024,-16,-17,9,39
4720,-64,-2024,-24,-20,7,39
4725,-64,-2000,-24,-19,7,42
4730,-96,-2016,-48,-20,7,42
4735,-64,-2016,-56,-20,7,45
4740,-64,-2016,-64,-18,7,43
4745,-40,-2032,-32,-16,4,43
4750,-56,-2040,-32,-13,3,45
4755,8,-1992,-32,-7,2,45
4760,-48,-2016,-48,0,1,45
4765,-32,-2024,-72,4,1,43
4770,-56,-2016,-24,7,0,41
4775,-80,-2016,-32,7,1,41
4780,-72,-2000,-16,8,0,39
4785,-80,-2016,-32,6,1,39
4790,-64,-2000,-48,4,1,39
4795,-80,-2008,-32,2,0,40
4800,-80,-2032,-24,1,-1,42
4805,-72,-2000,-32,1,-3,42
4810,-80,-2032,-48,0,-4,43
4815,-72,-2016,0,1,-5,43
4820,-72,-2024,-32,1,-5,43
4825,-88,-2000,-80,0,-6,43
4830,-72,-2032,-32,-2,-6,43
4835,-64,-2008,-40,-3,-8,41
4840,-72,-2016,-72,-3,-11,41
4845,-64,-2032,-16,-2,-14,39
4850,-48,-2016,-56,0,-16,38
4855,-72,-2016,-16,2,-18,36
4860,-56,-2016,-16,4,-18,37
4865,-48,-2032,-32,5,-19,33
4870,-40,-2032,-72,6,-18,33
4875,-56,-2032,-72,7,-20,31
4880,-56,-2032,-48,9,-21,32
4885,-72,-1992,-32,11,-23,31
4890,-56,-2008,-64,11,-25,33
4895,-96,-2032,-24,15,-27,34
4900,-88,-2032,-40,22,-30,36
4905,-104,-2016,-48,28,-34,34
4910,-56,-2008,-32,35,-35,35
4915,-88,-2040,0,40,-36,33
4920,-80,-1984,8,43,-33,37
4925,-88,-1984,-16,46,-32,35
4930,-96,-1960,0,45,-32,37
4935,-88,-1976,-24,41,-31,34
4940,-72,-1976,-8,35,-31,33
4945,-56,-1968,-8,27,-29,27
4950,-64,-1952,8,19,-27,26
4955,-48,-1992,-24,13,-24,22
4960,-56,-1968,-8,11,-19,22
4965,-48,-1992,0,11,-13,15
4970,-32,-2008,-16,12,-9,13
4975,-40,-2024,-16,14,-4,8
4980,-56,-2008,-8,17,-1,10
4985,0,-2008,-8,19,2,6
4990,-8,-2016,-32,23,5,5
4995,-24,-2024,-24,24,8,1
5000,-32,-2016,8,26,11,0
5005,-24,-2016,-8,28,14,-7
5010,-64,-2000,0,30,13,-8
5015,-40,-2016,-24,30,15,-12
5020,-40,-2008,0,30,17,-13
5025,-40,-1992,0,30,21,-18
5030,-56,-1976,-48,28,23,-17
5035,-72,-1984,-16,25,25,-21
5040,-88,-1976,-8,25,27,-19
5045,-72,-1992,-32,23,29,-22
5050,-88,-1992,0,21,31,-19
5055,-72,-1960,0,15,35,-22
5060,-80,-1992,8,10,39,-20
5065,-64,-2000,-24,6,43,-22
5070,-80,-2008,-8,2,46,-22
5075,-56,-2000,-8,-1,49,-25
5080,-72,-1984,-8,-3,52,-24
5085,-88,-1984,-16,-5,53,-27
5090,-72,-1992,-16,-7,55,-26
5095,-56,-2032,-8,-8,57,-30
5100,-56,-2040,-32,-7,60,-31
5105,-32,-2032,-16,-3,62,-36
5110,-40,-2040,0,1,65,-35
5115,-48,-2024,-24,5,65,-37
5120,-48,-2032,-16,9,68,-38
5125,-72,-2032,-16,13,72,-42
5130,-80,-2024,-16,17,73,-41
5135,-96,-2016,-24,20,77,-44
5140,-72,-2024,0,17,79,-43
5145,-72,-2008,8,17,81,-45
5150,-96,-2016,-8,19,81,-43
5155,-64,-2016,-16,23,84,-44
5160,-80,-1976,-40,26,86,-45
5165,-96,-2000,-56,30,87,-46
5170,-80,-1992,-16,29,87,-45
5175,-72,-2032,8,29,89,-46
5180,-88,-2000,-24,29,89,-46
5185,-80,-2024,-32,29,92,-48
5190,-80,-2008,-48,28,94,-48
5195,-88,-2032,-32,29,96,-49
5200,-72,-2032,-24,29,99,-50
5205,-80,-2024,0,30,102,-50
5210,-96,-2024,0,29,102,-51
5215,-96,-2008,8,33,105,-55
5220,-80,-2016,-32,35,109,-55
5225,-56,-2024,0,38,113,-59
5230,-64,-2040,-24,43,115,-63
5235,-72,-2024,-24,44,116,-65
5240,-64,-2016,-48,44,114,-70
5245,-80,-2024,-40,48,112,-74
5250,-56,-2048,-48,48,111,-79
5255,-48,-2040,-24,48,110,-82
5260,-40,-2032,-16,48,110,-86
5265,-80,-2032,-24,54,112,-87
5270,-72,-2032,-16,64,113,-89
5275,-88,-2000,-24,73,113,-91
5280,-80,-1992,0,79,114,-92
5285,-72,-2032,0,83,114,-93
5290,-80,-2000,-16,89,116,-92
5295,-120,-2000,-48,92,118,-90
5300,-96,-2008,-48,94,118,-91
5305,-104,-2008,-24,95,116,-92
5310,-96,-2000,0,98,117,-96
5315,-112,-2016,-48,103,112,-98
5320,-72,-2024,-48,110,109,-102
5325,-88,-2016,-8,117,110,-104
5330,-56,-2032,-8,124,110,-111
5335,-56,-2040,0,134,110,-111
5340,-56,-2024,-8,140,112,-116
5345,-24,-2040,8,146,114,-116
5350,-40,-2032,48,149,114,-119
5355,-40,-2040,24,150,115,-116
5360,-56,-2048,0,156,116,-118
5365,-48,-2048,0,162,112,-116
5370,-96,-2048,8,175,104,-117
5375,-72,-2048,16,191,97,-112
5380,-80,-2032,8,205,91,-112
5385,-64,-2040,0,223,88,-108
5390,-56,-2032,-8,240,86,-110
5395,-48,-2016,-8,254,85,-106
5400,-48,-2000,0,267,85,-104
5405,-72,-1976,-40,276,85,-97
5410,-56,-1992,-88,282,81,-95
5415,-56,-1944,0,283,74,-87
5420,-64,-1904,-88,281,68,-83
5425,-80,-1888,-24,277,61,-75
5430,-56,-1896,-64,267,55,-71
5435,-16,-1864,-8,257,55,-61
5440,0,-1872,8,244,57,-54
5445,-16,-1848,0,230,59,-40
5450,8,-1840,0,210,58,-34
5455,16,-1888,48,190,58,-24
5460,16,-1888,88,174,54,-19
5465,56,-1912,64,158,50,-9
5470,80,-1952,104,148,43,-3
5475,112,-1952,80,140,36,5
5480,112,-1984,104,133,26,9
5485,104,-1992,120,128,19,16
5490,128,-2008,112,127,9,19
5495,144,-2000,128,127,5,21
5500,104,-2000,128,124,1,21
5505,152,-2024,136,122,-6,24
5510,160,-2024,152,119,-11,22
5515,192,-2024,152,115,-19,25
5520,208,-2016,136,115,-27,21
5525,184,-2008,192,118,-33,22
5530,200,-1992,152,121,-37,16
5535,208,-2000,160,123,-41,15
5540,200,-1984,168,124,-48,12
5545,208,-1968,200,124,-56,10
5550,168,-1992,176,118,-64,6
5555,184,-1992,200,109,-74,3
5560,160,-1976,224,97,-79,-2
5565,184,-2008,232,84,-86,-3
5570,184,-2040,176,71,-93,-10
5575,152,-2040,216,60,-98,-16
5580,144,-2056,184,49,-104,-26
5585,160,-2056,184,44,-108,-33
5590,160,-2048,184,44,-110,-42
5595,144,-2040,168,49,-112,-47
5600,208,-2056,152,58,-113,-55
5605,184,-2032,144,70,-113,-59
5610,184,-2040,184,81,-111,-64
5615,168,-2008,200,90,-113,-66
5620,168,-1976,152,97,-114,-68
5625,176,-1968,200,102,-117,-65
5630,168,-1936,240,102,-118,-62
5635,176,-1952,216,94,-118,-61
5640,168,-1912,216,82,-120,-61
5645,176,-1920,208,68,-122,-58
5650,184,-1928,184,54,-126,-55
5655,176,-1912,136,42,-126,-54
5660,168,-1928,168,35,-129,-50
5665,184,-1936,152,27,-128,-48
5670,168,-1968,104,23,-125,-43
5675,208,-1968,136,20,-123,-40
5680,208,-1968,128,17,-119,-39
5685,224,-1944,136,14,-114,-38
5690,208,-1952,136,13,-112,-33
5695,200,-1952,128,15,-110,-29
5700,192,-1944,176,17,-110,-26
5705,192,-1952,160,20,-107,-20
5710,152,-1928,200,21,-104,-11
5715,168,-1944,192,24,-101,-7
5720,160,-1952,200,26,-96,1
5725,160,-1952,200,27,-94,3
5730,168,-1968,208,29,-89,7
5735,152,-1936,224,33,-84,8
5740,152,-1976,224,35,-82,10
5745,152,-1968,200,37,-80,11
5750,144,-1984,200,37,-78,12
5755,152,-1984,168,40,-74,11
5760,136,-1992,176,45,-67,13
5765,160,-1976,192,54,-56,14
5770,128,-1992,184,64,-47,16
5775,88,-1992,224,76,-40,17
5780,104,-1984,184,85,-35,20
5785,80,-1952,200,95,-30,19
5790,48,-1856,128,100,-25,23
5795,64,-1944,208,106,-18,24
5800,48,-1920,216,107,-13,29
5805,64,-1920,240,104,-9,31
5810,56,-1904,224,101,-6,37
5815,72,-1912,232,96,-4,38
5820,40,-1888,224,90,0,43
5825,32,-1904,248,84,1,45
5830,56,-1888,264,81,1,52
5835,32,-1888,240,76,0,57
5840,32,-1888,240,68,-2,65
5845,24,-1888,240,63,-6,68
5850,56,-1928,240,59,-8,75
5855,40,-1920,248,54,-5,78
5860,16,-1912,224,49,-4,88
5865,32,-1928,224,43,-2,91
5870,40,-1944,168,39,-4,100
5875,8,-1936,184,37,-5,105
5880,0,-1952,176,35,-10,116
5885,-16,-1968,152,41,-16,120
5890,-16,-1960,192,47,-18,129
5895,-16,-1944,176,52,-19,133
5900,-24,-1936,176,54,-20,141
5905,-56,-1904,144,53,-22,143
5910,-64,-1912,192,50,-27,150
5915,-72,-1936,208,48,-38,154
5920,-80,-1936,216,46,-48,160
5925,-24,-1936,216,45,-59,160
5930,-16,-1936,240,45,-65,165
5935,16,-1976,224,44,-70,162
5940,16,-1936,200,40,-74,162
5945,40,-1960,184,38,-72,160
5950,80,-1984,176,38,-67,159
5955,96,-2016,120,38,-59,152
5960,104,-2024,112,39,-55,148
5965,128,-2032,96,40,-50,136
5970,160,-1992,48,39,-42,129
5975,216,-2008,64,36,-36,118
5980,224,-2008,24,34,-29,111
5985,232,-2040,-24,35,-19,101
5990,232,-2024,0,37,-11,93
5995,216,-2024,-40,40,1,84
6000,208,-2016,-80,43,9,77
6005,208,-2016,-120,47,11,68
6010,192,-2016,-152,51,18,57
6015,184,-1992,-160,51,20,47
6020,176,-2000,-200,50,20,42
6025,136,-2016,-192,55,16,34
6030,96,-2008,-160,63,9,28
6035,96,-2016,-168,79,-3,20
6040,16,-1976,-112,106,-18,12
6045,16,-1992,-88,141,-27,-1
6050,-72,-1952,-56,177,-34,-9
6055,-96,-1912,-48,212,-49,-22
6060,-96,-1880,-8,227,-61,-33
6065,-120,-1800,-120,231,-72,-43
6070,-120,-1816,-8,219,-81,-53
6075,-112,-1824,0,198,-80,-62
6080,-104,-1840,0,172,-80,-68
6085,-96,-1856,-16,143,-82,-71
6090,-104,-1864,16,108,-90,-68
6095,-80,-1920,8,71,-100,-57
6100,-96,-1960,32,25,-113,-49
6105,-96,-2032,32,-14,-122,-37
6110,-80,-2048,-8,-46,-126,-24
6115,-80,-2152,-8,-71,-125,-10
6120,-80,-2248,-8,-85,-119,3
6125,-80,-2296,0,-84,-118,19
6130,-88,-2336,16,-69,-116,37
6135,-96,-2352,40,-43,-116,56
6140,-80,-2360,48,-3,-116,75
6145,-64,-2368,40,55,-116,92
6150,-24,-2320,144,108,-113,107
6155,8,-2264,152,158,-105,123
6160,24,-2168,160,202,-92,136
6165,72,-2072,200,233,-77,153
6170,72,-2024,232,248,-54,167
6175,88,-1888,240,245,-23,180
6180,96,-1824,224,222,7,194
6185,104,-1768,232,186,49,214
6190,88,-1768,216,129,79,231
6195,96,-1760,224,77,109,250
6200,88,-1816,192,31,132,263
6205,64,-1808,160,-12,150,277
6210,72,-1880,176,-54,165,288
6215,64,-1960,200,-95,181,301
6220,64,-2016,200,-135,201,313
6225,16,-2080,232,-167,220,336
6230,32,-2184,320,-184,243,353
6235,-16,-2272,368,-182,258,377
6240,-40,-2328,392,-165,277,399
6245,-96,-2360,472,-137,297,425
6250,-128,-2400,488,-100,315,441
6255,-184,-2392,528,-54,327,456
6260,-232,-2384,512,-2,329,462
6265,-288,-2352,504,51,326,468
6270,-328,-2280,472,101,323,470
6275,-336,-2232,472,153,320,478
6280,-344,-2168,464,187,312,478
6285,-352,-2088,368,210,305,485
6290,-352,-2016,344,207,295,491
6295,-368,-1976,360,194,284,505
6300,-368,-1912,304,184,271,512
6305,-344,-1864,288,175,250,525
6310,-368,-1824,288,157,228,536
6315,-336,-1832,296,128,203,553
6320,-304,-1832,280,88,182,558
6325,-296,-1848,304,52,165,569
6330,-304,-1920,336,18,151,574
6335,-328,-1952,360,-4,134,584
6340,-368,-2008,384,-16,117,593
6345,-336,-2048,416,-16,101,603
6350,-392,-2072,424,-2,82,610
6355,-424,-2112,440,20,62,620
6360,-456,-2144,416,47,38,626
6365,-432,-2136,400,78,18,633
6370,-416,-2136,384,113,4,635
6375,-416,-2088,416,155,-4,637
6380,-384,-2088,416,196,-8,633
6385,-352,-2040,432,234,-6,633
6390,-328,-2016,440,267,4,627
6395,-264,-2000,408,291,16,623
6400,-272,-1928,408,305,31,612
6405,-240,-1904,384,316,44,612
6410,-224,-1936,336,321,44,613
6415,-184,-1920,344,321,40,611
6420,-136,-1928,312,313,42,604
6425,-128,-1936,312,300,44,596
6430,-176,-1952,336,288,52,581
6435,-216,-1952,320,281,65,568
6440,-216,-1952,256,285,76,555
6445,-240,-1960,328,299,87,545
6450,-304,-1952,320,329,94,538
6455,-312,-1912,336,360,99,529
6460,-320,-1912,328,385,108,521
6465,-336,-1912,336,407,121,516
6470,-352,-1880,312,424,137,511
6475,-352,-1880,336,433,149,505
6480,-368,-1832,336,432,161,497
6485,-368,-1864,360,424,180,494
6490,-432,-1816,368,408,201,491
6495,-408,-1864,384,394,215,495
6500,-368,-1864,408,385,230,501
6505,-448,-1888,424,384,248,504
6510,-488,-1912,344,400,270,502
6515,-480,-1888,392,407,272,503
6520,-432,-1888,352,406,276,511
6525,-424,-1888,368,399,285,522
6530,-408,-1920,384,404,302,535
6535,-424,-1888,408,422,316,537
6540,-448,-1864,424,440,322,539
6545,-504,-1816,456,458,320,540
6550,-568,-1816,416,478,315,542
6555,-600,-1792,432,495,306,540
6560,-640,-1768,432,507,300,535
6565,-712,-1712,448,515,298,528
6570,-712,-1768,456,524,296,533
6575,-704,-1744,448,547,297,545
6580,-728,-1728,440,578,298,546
6585,-720,-1720,408,590,298,539
6590,-720,-1688,384,582,290,543
6595,-704,-1648,392,560,285,551
6600,-672,-1656,424,533,278,565
6605,-656,-1624,424,510,275,575
6610,-608,-1592,416,491,267,582
6615,-624,-1552,432,479,259,572
6620,-640,-1520,432,472,253,551
6625,-656,-1488,416,459,250,525
6630,-656,-1456,440,434,239,504
6635,-688,-1416,384,410,233,484
6640,-688,-1384,440,371,224,470
6645,-664,-1440,496,328,215,447
6650,-696,-1464,488,294,214,431
6655,-672,-1496,504,263,214,410
6660,-664,-1488,480,237,226,394
6665,-640,-1520,488,192,230,380
6670,-632,-1560,520,155,235,366
6675,-656,-1568,560,122,240,348
6680,-672,-1576,552,100,242,332
6685,-712,-1552,496,85,240,307
6690,-688,-1592,560,79,243,289
6695,-760,-1544,512,72,248,267
6700,-728,-1544,512,50,243,248
6705,-720,-1552,520,23,250,226
6710,-736,-1528,512,-2,261,214
6715,-744,-1576,520,-20,273,197
6720,-728,-1536,488,-37,283,188
6725,-744,-1568,480,-47,292,170
6730,-776,-1536,456,-52,306,158
6735,-776,-1488,464,-56,306,139
6740,-808,-1464,504,-65,301,122
6745,-800,-1464,488,-81,296,105
6750,-808,-1448,480,-106,291,98
6755,-816,-1416,328,-138,286,92
6760,-808,-1488,416,-172,282,90
6765,-792,-1560,464,-196,280,83
6770,-816,-1616,488,-205,279,76
6775,-816,-1648,472,-210,278,68
6780,-808,-1672,472,-212,282,62
6785,-816,-1704,512,-214,286,55
6790,-808,-1728,528,-215,289,54
6795,-824,-1720,536,-215,292,53
6800,-840,-1704,528,-214,291,55
6805,-888,-1688,520,-208,286,55
6810,-896,-1688,560,-203,283,54
6815,-896,-1704,528,-191,290,46
6820,-928,-1656,456,-187,298,39
6825,-904,-1640,480,-191,296,32
6830,-872,-1680,480,-198,308,37
6835,-888,-1696,464,-208,334,38
6840,-904,-1704,480,-213,350,35
6845,-856,-1720,480,-209,359,33
6850,-864,-1728,448,-199,362,36
6855,-872,-1736,448,-189,363,37
6860,-840,-1768,416,-186,368,43
6865,-800,-1776,408,-184,379,47
6870,-800,-1768,392,-178,393,49
6875,-808,-1744,400,-165,411,48
6880,-800,-1728,416,-148,429,47
6885,-896,-1688,400,-137,440,50
6890,-888,-1656,376,-130,449,53
6895,-928,-1680,368,-127,447,56
6900,-904,-1672,360,-123,437,53
6905,-912,-1656,384,-119,438,50
6910,-912,-1728,376,-118,446,50
6915,-920,-1720,400,-119,459,46
6920,-904,-1728,400,-121,474,42
6925,-856,-1768,392,-115,498,38
6930,-832,-1760,408,-105,519,34
6935,-792,-1784,384,-92,539,33
6940,-776,-1768,392,-75,549,29
6945,-784,-1728,360,-58,551,24
6950,-824,-1672,312,-43,554,13
6955,-840,-1664,248,-34,560,3
6960,-888,-1656,312,-30,567,-6
6965,-864,-1656,288,-27,573,-12
6970,-912,-1624,304,-21,577,-19
6975,-904,-1632,272,-20,581,-21
6980,-936,-1656,336,-20,581,-28
6985,-904,-1680,336,-23,585,-30
6990,-928,-1704,320,-22,592,-36
6995,-888,-1712,336,-13,597,-36
7000,-880,-1720,312,7,601,-39
7005,-880,-1728,280,35,606,-41
7010,-896,-1704,248,74,612,-45
7015,-912,-1664,256,109,618,-45
7020,-928,-1624,240,140,622,-49
7025,-928,-1600,224,163,626,-47
7030,-960,-1560,224,172,631,-51
7035,-968,-1568,216,172,635,-50
7040,-992,-1568,232,166,640,-52
7045,-1024,-1552,248,155,643,-53
7050,-1032,-1560,256,147,648,-61
7055,-1024,-1592,280,138,649,-62
7060,-1000,-1600,320,134,648,-64
7065,-1000,-1632,296,131,648,-63
7070,-1024,-1640,336,127,656,-65
7075,-1056,-1648,288,126,661,-63
7080,-1056,-1648,264,127,662,-66
7085,-1048,-1648,264,132,663,-63
7090,-1064,-1632,288,137,664,-67
7095,-1120,-1640,264,142,662,-69
7100,-1096,-1592,280,143,661,-71
7105,-1144,-1600,248,140,668,-67
7110,-1176,-1552,240,123,675,-65
7115,-1184,-1584,224,94,682,-60
7120,-1176,-1624,224,66,690,-59
7125,-1184,-1632,192,48,700,-55
7130,-1200,-1624,152,34,712,-61
7135,-1208,-1632,168,25,728,-56
7140,-1216,-1664,168,23,742,-45
7145,-1224,-1656,184,25,756,-31
7150,-1264,-1664,192,30,772,-19
7155,-1256,-1632,216,34,789,-1
7160,-1304,-1624,208,36,816,10
7165,-1312,-1616,192,38,842,22
7170,-1288,-1616,152,44,865,21
7175,-1288,-1632,152,46,889,23
7180,-1336,-1632,112,51,918,27
7185,-1320,-1584,24,57,936,29
7190,-1264,-1632,8,68,951,28
7195,-1216,-1632,-56,89,967,27
7200,-1192,-1640,-64,119,990,15
7205,-1192,-1664,-120,154,1012,10
7210,-1168,-1672,-200,183,1031,0
7215,-1168,-1680,-224,205,1043,-11
7220,-1136,-1720,-296,214,1051,-20
7225,-1128,-1736,-304,206,1050,-20
7230,-1104,-1768,-352,183,1052,-6
7235,-1032,-1784,-352,154,1056,23
7240,-960,-1816,-384,134,1051,58
7245,-872,-1864,-384,130,1037,91
7250,-728,-1872,-392,132,1016,115
7255,-632,-1856,-360,139,989,140
7260,-432,-1880,-296,149,960,167
7265,-208,-1888,-176,156,939,197
7270,-64,-1952,-8,192,949,211
7275,-8,-1984,64,248,991,220
7280,24,-2008,248,327,1034,226
7285,0,-2000,456,418,1069,218
7290,-112,-2000,552,523,1088,199
7295,-320,-1968,640,636,1078,173
7300,-648,-1880,616,741,1029,149
7305,-832,-1776,640,822,952,141
7310,-832,-1680,632,883,827,145
7315,-896,-1544,544,915,737,127
7320,-896,-1528,520,932,665,108
7325,-752,-1472,432,945,594,86
7330,-616,-1432,384,944,529,41
7335,-440,-1360,352,924,479,-6
7340,-328,-1336,296,891,454,-53
7345,-208,-1368,272,864,442,-97
7350,-160,-1336,200,848,444,-139
7355,-184,-1296,184,841,463,-167
7360,-272,-1232,128,841,482,-179
7365,-416,-1152,72,835,498,-179
7370,-560,-1056,-56,814,514,-172
7375,-648,-1104,16,767,528,-163
7380,-832,-1088,40,693,516,-146
7385,-1024,-1144,48,602,490,-132
7390,-1216,-1248,112,497,453,-112
7395,-1448,-1296,224,394,397,-93
7400,-1576,-1464,424,297,323,-68
7405,-1696,-1512,560,264,241,-37
7410,-1760,-1512,616,279,154,2
7415,-1744,-1616,808,322,71,53
7420,-1768,-1600,824,401,-12,92
7425,-1712,-1624,792,479,-96,120
7430,-1544,-1640,696,518,-173,134
7435,-1256,-1712,576,511,-232,121
7440,-1080,-1728,440,454,-270,83
7445,-864,-1856,432,389,-283,48
7450,-712,-2016,360,337,-290,4
7455,-640,-2088,336,291,-291,-41
7460,-584,-2104,352,251,-286,-77
7465,-512,-2112,440,212,-280,-111
7470,-408,-2072,496,179,-267,-131
7475,-336,-1960,680,161,-248,-156
7480,-488,-1864,608,167,-227,-147
7485,-632,-1720,656,211,-216,-130
7490,-720,-1656,720,265,-219,-108
7495,-888,-1616,792,314,-215,-93
7500,-1072,-1640,760,335,-219,-79
7505,-1224,-1680,792,341,-242,-72
7510,-1304,-1768,832,341,-269,-63
7515,-1304,-1752,824,341,-300,-64
7520,-1280,-1816,800,332,-338,-64
7525,-1304,-1856,800,317,-376,-70
7530,-1280,-1888,808,341,-397,-63
7535,-1232,-1872,776,389,-410,-61
7540,-1192,-1808,728,445,-412,-50
7545,-1088,-1760,720,492,-409,-44
7550,-1024,-1656,648,518,-403,-42
7555,-880,-1632,600,520,-392,-50
7560,-808,-1536,528,492,-384,-62
7565,-744,-1480,472,441,-372,-80
7570,-672,-1448,448,367,-360,-96
7575,-680,-1448,400,270,-350,-114
7580,-760,-1480,408,199,-331,-123
7585,-792,-1472,384,150,-314,-129
7590,-792,-1512,408,121,-294,-122
7595,-784,-1584,480,110,-275,-121
7600,-840,-1608,528,117,-258,-117
7605,-816,-1672,536,130,-243,-120
7610,-848,-1712,584,152,-229,-122
7615,-904,-1712,592,188,-217,-127
7620,-968,-1680,584,222,-209,-126
7625,-1016,-1688,544,247,-203,-129
7630,-1040,-1648,560,264,-197,-131
7635,-1008,-1600,520,272,-196,-136
7640,-976,-1584,504,278,-193,-142
7645,-952,-1624,512,285,-187,-153
7650,-880,-1672,528,300,-176,-159
7655,-880,-1648,496,316,-151,-163
7660,-784,-1672,504,319,-153,-158
7665,-680,-1736,512,301,-163,-169
7670,-696,-1776,480,278,-161,-185
7675,-656,-1832,448,250,-168,-207
7680,-632,-1864,424,221,-177,-227
7685,-608,-1872,384,200,-175,-250
7690,-648,-1872,336,185,-154,-269
7695,-656,-1856,288,171,-132,-290
7700,-648,-1832,232,154,-119,-314
7705,-624,-1832,256,138,-103,-326
7710,-560,-1824,216,131,-92,-338
7715,-552,-1856,232,127,-79,-355
7720,-520,-1832,240,119,-66,-367
7725,-496,-1872,224,115,-66,-399
7730,-520,-1824,216,109,-63,-445
7735,-480,-1872,200,98,-52,-486
7740,-496,-1880,192,81,-42,-521
7745,-464,-1888,224,62,-45,-570
7750,-536,-1896,208,42,-43,-608
7755,-456,-1896,240,43,-44,-635
7760,-512,-1904,304,54,-44,-668
7765,-480,-1888,336,75,-59,-698
7770,-520,-1816,392,101,-70,-727
7775,-544,-1816,432,116,-86,-745
7780,-488,-1848,488,119,-108,-747
7785,-512,-1816,464,122,-132,-752
7790,-520,-1840,472,142,-163,-757
7795,-512,-1840,464,179,-185,-750
7800,-496,-1792,440,225,-224,-742
7805,-464,-1752,440,267,-258,-727
7810,-440,-1768,408,298,-291,-706
7815,-440,-1720,456,312,-326,-678
7820,-392,-1728,456,316,-358,-657
7825,-432,-1696,424,321,-399,-636
7830,-424,-1688,448,331,-451,-614
7835,-416,-1704,480,350,-519,-599
7840,-456,-1688,472,371,-567,-585
7845,-448,-1680,488,392,-610,-563
7850,-448,-1672,464,417,-646,-552
7855,-456,-1696,472,434,-692,-534
7860,-512,-1624,480,440,-739,-519
7865,-336,-1704,528,442,-771,-500
7870,-368,-1728,528,434,-829,-499
7875,-376,-1728,584,431,-893,-489
7880,-440,-1664,632,438,-932,-483
7885,-232,-1728,656,451,-959,-467
7890,-240,-1712,648,457,-997,-473
7895,-152,-1712,664,467,-1035,-469
7900,-128,-1688,640,481,-1050,-466
7905,-8,-1808,712,480,-1053,-449
7910,-88,-1808,736,463,-1081,-468
7915,-40,-1840,792,454,-1113,-461
7920,-88,-1880,872,450,-1124,-455
7925,-104,-1904,912,453,-1124,-452
7930,-120,-1936,960,463,-1123,-458
7935,136,-2144,808,545,-1078,-411
7940,-104,-2056,1048,499,-1106,-433
7945,-184,-1976,1000,503,-1133,-474
7950,-208,-1936,1072,544,-1141,-486
7955,-160,-1928,1128,582,-1144,-492
7960,-128,-1912,1208,607,-1152,-508
7965,-72,-1952,1296,623,-1161,-520
7970,-24,-1880,1392,642,-1157,-538
7975,32,-1904,1400,656,-1155,-543
7980,64,-1920,1488,652,-1148,-553
7985,0,-1960,1496,642,-1129,-560
7990,-80,-1992,1520,625,-1112,-571
7995,-112,-1976,1560,613,-1098,-579
8000,-128,-2000,1560,604,-1085,-591
8005,-168,-1984,1592,601,-1065,-585
8010,-152,-1952,1632,612,-1032,-584
8015,-128,-1960,1704,630,-1000,-580
8020,-104,-1928,1712,648,-973,-588
8025,-112,-1920,1752,662,-949,-601
8030,-112,-1896,1784,673,-924,-616
8035,-104,-1824,1848,683,-898,-622
8040,-152,-1784,1888,688,-865,-634
8045,-136,-1712,1848,691,-839,-639
8050,-104,-1672,1784,691,-801,-651
8055,-48,-1600,1704,664,-784,-656
8060,0,-1536,1656,619,-766,-659
8065,24,-1496,1648,569,-751,-658
8070,64,-1504,1584,520,-738,-664
8075,168,-1528,1592,482,-723,-672
8080,184,-1504,1528,453,-703,-692
8085,296,-1488,1544,428,-685,-710
8090,296,-1440,1536,412,-654,-735
8095,336,-1424,1520,395,-613,-750
8100,360,-1384,1536,384,-571,-753
8105,424,-1368,1472,376,-523,-756
8110,504,-1384,1512,383,-475,-753
8115,504,-1336,1448,396,-426,-754
8120,544,-1392,1456,396,-398,-751
8125,552,-1392,1456,391,-363,-753
8130,576,-1416,1472,383,-333,-756
8135,568,-1440,1472,373,-300,-766
8140,520,-1416,1448,361,-262,-773
8145,488,-1384,1424,345,-238,-763
8150,432,-1368,1336,338,-197,-741
8155,272,-1352,1304,339,-151,-710
8160,160,-1296,1296,349,-121,-673
8165,176,-1272,1240,365,-98,-629
8170,112,-1304,1136,380,-61,-581
8175,40,-1344,1160,371,-10,-573
8180,224,-1088,1056,390,-8,-561
8185,256,-1232,1008,412,-22,-465
8190,352,-1256,992,376,-17,-422
8195,376,-1288,936,321,8,-401
8200,456,-1352,960,240,18,-374
8205,536,-1472,920,161,47,-358
8210,544,-1544,920,96,95,-341
8215,552,-1624,912,57,153,-330
8220,488,-1696,944,39,211,-315
8225,456,-1704,960,40,267,-303
8230,392,-1712,968,54,304,-296
8235,352,-1728,1008,64,325,-295
8240,280,-1704,1024,73,338,-296
8245,216,-1680,1032,80,339,-309
8250,312,-2320,800,89,335,-329
8255,56,-1376,1192,35,314,-440
8260,208,-1536,928,154,289,-437
8265,136,-1528,1024,216,325,-382
8270,152,-1504,1032,252,331,-383
8275,144,-1472,1008,274,324,-400
8280,144,-1472,1008,290,317,-412
8285,120,-1432,992,302,311,-423
8290,96,-1440,1032,312,304,-427
8295,88,-1384,1040,315,290,-427
8300,80,-1392,1104,312,269,-425
8305,112,-1392,1056,304,247,-422
8310,-176,-1432,1280,233,210,-496
8315,-56,-1040,1128,247,171,-499
8320,88,-1344,1160,284,191,-406
8325,128,-1344,1240,266,200,-381
8330,104,-1352,1160,243,186,-376
8335,120,-1384,1192,224,171,-384
8340,136,-1368,1208,214,152,-390
8345,176,-1352,1176,208,133,-403
8350,160,-1352,1224,204,111,-406
8355,136,-1360,1232,201,87,-412
8360,136,-1368,1256,204,68,-406
8365,112,-1368,1280,209,46,-406
8370,120,-1408,1288,213,20,-400
8375,80,-1408,1288,223,-8,-394
8380,112,-1416,1272,237,-34,-384
8385,120,-1400,1280,255,-60,-377
8390,120,-1360,1304,272,-88,-366
8395,152,-1328,1296,288,-117,-360
8400,208,-1336,1448,299,-155,-356
8405,232,-1328,1328,305,-184,-359
8410,264,-1392,1280,308,-204,-360
8415,344,-1376,1264,320,-210,-370
8420,376,-1392,1272,341,-208,-377
8425,456,-1392,1312,367,-202,-389
8430,528,-1416,1336,398,-202,-399
8435,552,-1384,1400,429,-202,-411
8440,616,-1376,1408,454,-200,-415
8445,632,-1360,1416,477,-204,-418
8450,592,-1296,1448,488,-213,-412
8455,536,-1264,1480,486,-226,-403
8460,480,-1208,1504,473,-246,-382
8465,488,-1216,1496,455,-271,-359
8470,488,-1208,1496,433,-289,-336
8475,512,-1264,1488,415,-305,-321
8480,536,-1288,1520,406,-315,-305
8485,512,-1320,1512,401,-321,-289
8490,584,-1384,1496,401,-327,-277
8495,560,-1440,1536,410,-324,-268
8500,512,-1440,1608,432,-316,-255
8505,496,-1408,1592,472,-305,-240
8510,480,-1360,1624,520,-299,-221
8515,456,-1288,1608,565,-303,-200
8520,440,-1224,1688,602,-310,-169
8525,448,-1192,1656,628,-314,-135
8530,392,-1208,1648,642,-302,-102
8535,352,-1208,1632,651,-305,-72
8540,384,-1224,1632,657,-302,-48
8545,344,-1216,1600,678,-291,-34
8550,288,-1200,1616,708,-279,-40
8555,376,-1152,1640,740,-276,-50
8560,344,-1112,1560,766,-284,-54
8565,192,-1064,1560,791,-296,-53
8570,144,-1032,1552,815,-313,-28
8575,72,-1032,1552,846,-333,-9
8580,128,-1024,1568,859,-374,-1
8585,208,-1040,1512,856,-423,0
8590,336,-1056,1464,858,-463,1
8595,320,-1088,1488,866,-493,-2
8600,344,-1096,1392,886,-508,-10
8605,296,-1056,1440,906,-521,-2
8610,272,-1096,1336,925,-537,20
8615,232,-1096,1328,935,-563,77
8620,312,-1048,1312,936,-590,102
8625,240,-1048,1320,930,-611,118
8630,256,-1032,1256,922,-636,150
8635,280,-1032,1288,908,-683,196
8640,392,-984,1320,892,-731,227
8645,408,-992,1296,871,-760,245
8650,480,-1024,1248,845,-777,255
8655,608,-1056,1224,811,-791,258
8660,664,-1072,1184,780,-796,245
8665,736,-1088,1160,751,-789,235
8670,792,-1136,1168,744,-769,223
8675,880,-1120,1136,744,-748,215
8680,904,-1152,1168,748,-726,198
8685,984,-1112,1072,751,-705,192
8690,928,-1040,1104,753,-678,180
8695,904,-1000,1128,758,-654,178
8700,912,-944,1144,748,-638,173
8705,880,-872,1184,728,-604,169
8710,848,-832,1168,702,-576,164
8715,872,-848,1136,678,-542,168
8720,864,-840,1160,649,-516,163
8725,896,-824,1128,622,-489,166
8730,800,-864,1136,588,-459,160
8735,704,-880,1144,564,-426,174
8740,568,-864,1200,555,-390,190
8745,536,-864,1240,556,-359,219
8750,536,-864,1248,565,-328,243
8755,584,-880,1232,568,-313,265
8760,680,-904,1216,558,-292,279
8765,768,-856,1192,544,-263,292
8770,784,-824,1248,521,-227,289
8775,800,-832,1264,499,-198,294
8780,808,-872,1320,488,-175,296
8785,824,-816,1248,466,-156,289
8790,848,-768,1208,440,-135,276
8795,912,-736,1168,396,-109,266
8800,968,-696,1104,349,-77,251
8805,944,-664,1016,299,-33,247
8810,936,-640,1032,245,23,247
8815,960,-624,1024,198,78,245
8820,976,-664,1024,148,123,236
8825,1016,-656,1048,102,149,230
8830,1024,-656,1112,63,173,228
8835,1008,-648,1224,35,196,241
8840,936,-672,1328,21,218,262
8845,888,-688,1424,23,241,289
8850,872,-704,1472,24,262,306
8855,880,-656,1472,23,277,319
8860,912,-664,1472,11,289,322
8865,960,-648,1456,-2,300,325
8870,1024,-616,1448,-17,309,321
8875,1080,-648,1456,-25,315,315
8880,1088,-632,1488,-26,333,307
8885,1024,-640,1496,-21,355,306
8890,1016,-640,1440,-14,376,306
8895,976,-624,1488,-14,388,300
8900,936,-624,1512,-30,395,294
8905,896,-624,1536,-52,400,289
8910,808,-616,1544,-71,398,289
8915,768,-608,1560,-87,394,293
8920,744,-592,1552,-102,390,296
8925,720,-592,1536,-123,386,298
8930,696,-568,1512,-141,390,303
8935,688,-560,1480,-150,396,312
8940,704,-584,1464,-156,400,329
8945,664,-552,1472,-167,408,348
8950,608,-584,1432,-181,418,365
8955,624,-592,1424,-194,425,383
8960,648,-632,1400,-201,433,390
8965,696,-656,1408,-208,438,392
8970,664,-720,1424,-226,440,388
8975,600,-752,1504,-239,446,393
8980,544,-784,1544,-243,457,408
8985,440,-792,1608,-241,461,434
8990,392,-824,1648,-239,462,473
8995,368,-872,1712,-242,455,508
9000,360,-904,1712,-253,437,536
9005,368,-976,1696,-266,413,552
9010,384,-1000,1752,-279,385,562
9015,416,-1048,1760,-283,365,564
9020,432,-1112,1816,-275,345,566
9025,464,-1168,1848,-264,320,558
9030,496,-1184,1880,-244,298,544
9035,552,-1200,1864,-219,277,522
9040,584,-1192,1840,-199,253,497
9045,576,-1144,1824,-184,234,465
9050,512,-1024,1800,-172,226,442
9055,448,-1088,1592,-158,232,442
9060,496,-1080,1704,-195,252,445
9065,400,-1064,1648,-200,269,457
9070,392,-1080,1584,-186,292,489
9075,376,-1096,1560,-166,321,529
9080,360,-1096,1560,-140,342,572
9085,336,-1016,1512,-116,351,603
9090,304,-1008,1480,-111,348,623
9095,272,-984,1456,-136,330,612
9100,216,-968,1448,-184,307,594
9105,144,-984,1368,-243,291,573
9110,64,-1040,1400,-298,287,555
9115,-32,-1128,1408,-330,297,546
9120,-96,-1184,1504,-319,305,570
9125,48,-1248,1640,-262,316,600
9130,144,-1288,1744,-188,318,628
9135,344,-1288,1840,-123,291,630
9140,416,-1328,1904,-75,258,604
9145,472,-1280,1840,-72,224,556
9150,488,-1280,1768,-91,197,503
9155,560,-1264,1584,-119,185,441
9160,648,-1200,1424,-151,199,372
9165,584,-1336,1344,-188,225,292
9170,496,-1336,1288,-232,252,229
9175,360,-1360,1240,-272,281,162
9180,360,-1384,1232,-314,278,116
9185,328,-1400,1240,-337,272,63
9190,336,-1424,1224,-344,267,29
9195,320,-1512,1232,-326,271,2
9200,304,-1416,1200,-282,291,-10
9205,264,-1336,1128,-215,320,-9
9210,192,-1168,1048,-127,361,20
9215,160,-1008,968,-34,405,63
9220,112,-896,896,41,450,134
9225,0,-800,944,93,476,192
9230,-24,-784,928,95,477,247
9235,-32,-784,928,57,454,283
9240,-32,-880,960,-9,425,315
9245,-40,-960,1056,-84,396,337
9250,-64,-1048,1096,-154,364,354
9255,-32,-1200,1200,-206,335,354
9260,-16,-1320,1328,-236,305,349
9265,0,-1408,1416,-235,266,328
9270,16,-1520,1496,-198,237,308
9275,56,-1584,1592,-130,212,287
9280,48,-1608,1616,-37,192,268
9285,64,-1568,1608,73,174,247
9290,96,-1528,1568,183,157,230
9295,112,-1424,1528,281,142,208
9300,88,-1312,1456,360,129,187
9305,72,-1168,1392,410,110,157
9310,88,-1056,1376,426,98,132
9315,88,-1000,1288,411,94,106
9320,80,-960,1320,377,76,83
9325,136,-984,1320,336,55,51
9330,112,-984,1312,302,40,22
9335,152,-1032,1352,274,35,3
9340,144,-1032,1416,257,43,-5
9345,144,-1080,1432,250,58,-8
9350,112,-1048,1496,250,82,-3
9355,128,-1032,1464,261,107,7
9360,96,-1032,1512,274,131,18
9365,112,-1016,1528,293,153,32
9370,120,-992,1560,313,177,44
9375,104,-944,1600,336,195,57
9380,160,-928,1672,361,208,68
9385,48,-912,1720,380,210,77
9390,-72,-848,1792,397,207,93
9395,72,-832,1824,410,187,99
9400,16,-800,1848,404,169,96
9405,-56,-800,1872,389,155,107
9410,0,-760,1960,373,133,112
9415,-16,-768,1976,353,105,119
9420,8,-736,1960,325,77,118
9425,40,-736,2000,296,52,120
9430,8,-776,2024,268,25,121
9435,176,-808,1936,242,2,124
9440,144,-768,2008,225,-15,120
9445,240,-816,1992,211,-23,122
9450,272,-832,1968,205,-26,115
9455,264,-840,1920,198,-22,114
9460,280,-848,1912,202,-21,109
9465,328,-864,1832,208,-19,105
9470,328,-824,1752,215,-12,100
9475,336,-816,1720,213,-4,103
9480,336,-768,1624,204,4,103
9485,312,-728,1568,185,8,106
9490,296,-752,1544,166,8,104
9495,256,-760,1504,147,9,109
9500,248,-744,1504,135,8,110
9505,248,-784,1472,116,5,111
9510,216,-800,1472,94,5,108
9515,200,-840,1488,70,4,108
9520,176,-904,1488,43,5,103
9525,152,-920,1512,12,4,103
9530,144,-960,1488,-10,-1,98
9535,120,-1016,1504,-24,-9,95
9540,112,-1040,1504,-32,-16,90
9545,112,-1088,1488,-36,-27,92
9550,112,-1112,1440,-35,-37,86
9555,112,-1152,1440,-26,-46,85
9560,136,-1136,1416,-13,-56,75
9565,144,-1120,1408,8,-62,73
9570,168,-1120,1416,28,-66,65
9575,160,-1128,1400,48,-69,59
9580,168,-1080,1408,67,-71,49
9585,192,-1040,1352,83,-71,40
9590,232,-1024,1376,96,-70,29
9595,208,-992,1368,109,-65,20
9600,232,-976,1376,118,-62,6
9605,232,-928,1376,126,-57,-6
9610,248,-928,1360,128,-52,-19
9615,216,-888,1376,126,-47,-29
9620,224,-856,1392,122,-40,-41
9625,216,-856,1368,113,-35,-48
9630,224,-904,1392,108,-28,-59
9635,224,-928,1376,103,-19,-68
9640,240,-952,1400,103,-8,-80
9645,224,-968,1408,106,2,-89
9650,240,-960,1440,118,15,-106
9655,240,-976,1488,134,24,-116
9660,232,-952,1552,150,35,-128
9665,232,-944,1544,167,44,-135
9670,200,-888,1600,178,53,-147
9675,216,-856,1584,187,61,-154
9680,192,-832,1608,192,70,-168
9685,224,-808,1656,191,83,-179
9690,216,-776,1656,190,106,-195
9695,240,-752,1640,186,107,-198
9700,240,-720,1672,186,110,-205
9705,296,-720,1672,190,98,-208
9710,408,-768,1656,194,90,-215
9715,352,-728,1664,209,95,-235
9720,328,-744,1720,230,108,-248
9725,112,-768,1768,264,127,-254
9730,16,-760,1864,299,134,-240
9735,-72,-816,1864,332,125,-203
9740,-160,-848,1936,352,116,-166
9745,-208,-904,1960,361,95,-107
9750,-176,-960,1960,367,53,-53
9755,-184,-936,1928,369,15,-11
9760,-112,-920,1928,365,-30,24
9765,-24,-936,1888,357,-65,49
9770,40,-960,1832,347,-96,70
9775,88,-952,1792,337,-131,95
9780,200,-960,1728,318,-164,115
9785,312,-944,1688,299,-175,123
9790,376,-952,1576,278,-168,126
9795,416,-944,1552,261,-153,123
9800,416,-960,1488,249,-134,119
9805,416,-928,1456,242,-122,107
9810,392,-920,1416,234,-115,90
9815,392,-920,1344,221,-112,70
9820,392,-872,1312,200,-106,45
9825,392,-856,1328,175,-98,24
9830,384,-840,1344,147,-90,5
9835,376,-816,1360,119,-77,-18
9840,384,-816,1352,95,-52,-42
9845,368,-808,1376,74,-22,-70
9850,352,-816,1392,52,1,-94
9855,368,-848,1488,34,17,-113
9860,376,-872,1480,21,35,-139
9865,320,-872,1552,13,66,-156
9870,312,-872,1576,8,82,-163
9875,304,-856,1584,8,99,-168
9880,232,-856,1656,10,111,-171
9885,240,-872,1680,17,119,-168
9890,240,-872,1696,25,110,-161
9895,232,-840,1696,37,108,-160
9900,248,-824,1712,50,103,-154
9905,224,-808,1704,61,98,-150
9910,160,-808,1752,74,99,-133
9915,192,-816,1744,84,90,-117
9920,160,-752,1704,92,82,-105
9925,208,-752,1704,95,75,-94
9930,200,-736,1656,92,66,-86
9935,256,-712,1656,81,62,-83
9940,264,-688,1632,68,55,-76
9945,272,-688,1624,53,51,-69
9950,288,-680,1600,35,46,-61
9955,288,-664,1568,20,41,-58
9960,296,-680,1560,3,39,-55
9965,328,-680,1544,-11,36,-57
9970,344,-704,1552,-25,34,-55
9975,368,-712,1552,-43,32,-56
9980,376,-704,1560,-58,32,-51
9985,336,-720,1544,-71,31,-53
9990,312,-720,1544,-80,33,-49
9995,320,-744,1536,-92,33,-50
10000,280,-728,1552,-101,34,-49
10005,288,-760,1544,-111,34,-52
10010,312,-752,1552,-121,32,-52
10015,272,-768,1544,-128,33,-56
10020,272,-800,1576,-131,39,-54
10025,240,-824,1560,-135,45,-56
10030,240,-800,1600,-138,53,-54
10035,224,-840,1608,-137,66,-57
10040,184,-848,1616,-136,75,-57
10045,184,-888,1648,-134,84,-61
10050,192,-904,1656,-128,93,-59
10055,200,-944,1640,-121,102,-61
10060,184,-952,1624,-111,109,-56
10065,176,-936,1640,-96,117,-56
10070,128,-960,1624,-81,127,-55
10075,168,-960,1624,-66,128,-54
10080,152,-952,1640,-51,124,-49
10085,168,-928,1616,-39,118,-45
10090,160,-904,1616,-27,114,-37
10095,176,-896,1576,-17,111,-36
10100,192,-904,1560,-4,115,-29
10105,192,-880,1592,8,119,-27
10110,160,-840,1560,20,120,-22
10115,184,-840,1600,35,122,-18
10120,192,-808,1568,44,122,-11
10125,208,-784,1592,52,122,-7
10130,208,-784,1584,59,124,-4
10135,200,-752,1576,59,123,-3
10140,224,-760,1608,61,118,4
10145,240,-728,1608,59,112,7
10150,256,-752,1608,57,110,10
10155,232,-728,1632,59,108,12
10160,256,-752,1632,60,102,17
10165,296,-744,1640,62,98,21
10170,280,-720,1656,65,98,25
10175,296,-744,1672,70,98,31
10180,288,-720,1656,73,99,35
10185,280,-720,1696,76,103,40
10190,304,-752,1688,81,106,44
10195,288,-752,1688,84,109,49
10200,280,-712,1680,86,109,52
10205,280,-696,1680,87,109,56
10210,264,-688,1688,86,106,55
10215,256,-672,1696,86,102,56
10220,240,-648,1664,85,97,54
10225,224,-640,1632,77,91,54
10230,216,-648,1640,68,85,53
10235,216,-648,1624,59,75,55
10240,184,-632,1680,52,68,55
10245,176,-632,1648,51,61,66
10250,144,-624,1664,57,58,78
10255,160,-608,1632,66,56,96
10260,232,-632,1704,76,59,110
10265,256,-640,1664,83,63,123
10270,296,-664,1664,85,64,125
10275,320,-712,1656,79,60,120
10280,344,-816,1664,61,49,103
10285,336,-856,1656,29,38,80
10290,312,-928,1664,-14,34,57
10295,280,-976,1632,-41,35,33
10300,280,-1016,1664,-61,39,6
10305,296,-1064,1664,-66,45,-21
10310,232,-1072,1608,-65,52,-50
10315,216,-1088,1608,-55,61,-73
10320,248,-1080,1568,-36,71,-98
10325,232,-1064,1528,-10,95,-118
10330,112,-1016,1576,17,129,-144
10335,112,-968,1512,34,113,-140
10340,104,-952,1528,45,101,-136
10345,120,-912,1536,66,109,-131
10350,40,-856,1536,88,127,-126
10355,80,-808,1504,107,122,-106
10360,72,-784,1488,120,117,-86
10365,104,-784,1520,133,122,-67
10370,64,-728,1536,137,126,-46
10375,96,-712,1512,129,116,-21
10380,136,-704,1536,116,109,-4
10385,120,-680,1552,97,100,16
10390,136,-720,1576,77,89,29
10395,168,-712,1600,63,81,45
10400,176,-704,1616,52,75,51
10405,184,-696,1640,46,67,57
10410,224,-728,1656,43,59,60
10415,232,-720,1656,41,51,61
10420,272,-712,1696,36,44,57
10425,272,-696,1712,32,38,54
10430,280,-704,1720,30,35,49
10435,280,-664,1744,29,31,44
10440,288,-688,1744,23,28,34
10445,312,-696,1720,19,26,29
10450,304,-712,1712,16,26,17
10455,288,-728,1736,13,27,10
10460,240,-712,1744,9,28,-3
10465,224,-688,1720,4,30,-10
10470,256,-720,1696,1,33,-21
10475,232,-720,1712,-4,36,-24
10480,240,-736,1688,-9,38,-31
10485,176,-744,1696,-14,40,-34
10490,168,-736,1648,-18,45,-37
10495,208,-752,1640,-21,48,-36
10500,160,-720,1616,-20,61,-40
10505,152,-712,1624,-21,59,-35
10510,176,-736,1568,-26,51,-27
10515,168,-728,1592,-29,49,-20
10520,144,-736,1584,-30,48,-12
10525,168,-744,1584,-32,48,-4
10530,160,-744,1584,-35,49,2
10535,168,-744,1584,-36,49,10
10540,176,-768,1576,-38,49,16
10545,176,-768,1560,-38,48,21
10550,160,-776,1576,-38,47,24
10555,192,-808,1608,-34,46,27
10560,224,-832,1568,-32,44,27
10565,208,-824,1616,-28,41,27
10570,216,-800,1592,-26,38,26
10575,240,-816,1632,-21,36,25
10580,240,-808,1616,-23,35,21
10585,240,-816,1664,-21,32,16
10590,256,-800,1592,-17,31,12
10595,264,-808,1616,-15,31,8
10600,264,-784,1640,-13,32,8
10605,272,-784,1632,-11,32,4
10610,280,-792,1656,-8,35,2
10615,264,-760,1608,-7,36,-1
10620,264,-784,1624,-7,37,-3
10625,264,-760,1632,-7,40,-7
10630,248,-776,1600,-6,42,-7
10635,232,-800,1680,-6,44,-10
10640,272,-752,1624,-6,47,-9
10645,248,-752,1656,-7,49,-11
10650,256,-752,1656,-9,52,-9
10655,248,-736,1672,-9,54,-8
10660,248,-752,1624,-7,57,-6
10665,224,-736,1680,-7,59,-6
10670,232,-752,1616,-7,59,-3
10675,224,-752,1648,-6,59,-3
10680,208,-712,1616,-7,61,1
10685,224,-720,1656,-6,60,1
10690,232,-728,1640,-6,59,3
10695,224,-720,1656,-8,58,1
10700,208,-704,1656,-11,58,2
10705,232,-728,1680,-16,57,1
10710,224,-736,1648,-23,57,1
10715,232,-752,1664,-31,58,-2
10720,224,-752,1672,-36,57,-1
10725,248,-784,1680,-39,55,-6
10730,224,-792,1656,-40,52,-4
10735,208,-768,1616,-36,48,-10
10740,120,-784,1712,-32,46,-9
10745,224,-784,1624,-28,46,-13
10750,224,-768,1648,-25,47,-11
10755,224,-792,1640,-23,49,-14
10760,200,-768,1592,-17,51,-12
10765,224,-800,1632,-15,53,-14
10770,208,-784,1624,-10,57,-11
10775,184,-776,1592,-6,58,-13
10780,216,-784,1616,-2,60,-11
10785,208,-792,1624,-1,61,-13
10790,184,-744,1616,0,63,-10
10795,184,-784,1624,-2,62,-13
10800,208,-792,1624,-4,63,-12
10805,208,-776,1568,-5,62,-13
10810,208,-792,1616,-7,62,-9
10815,192,-784,1632,-7,59,-12
10820,208,-744,1608,-7,60,-9
10825,232,-776,1624,-9,59,-9
10830,208,-776,1648,-9,59,-5
10835,224,-776,1624,-7,57,-7
10840,216,-768,1640,-4,58,-4
10845,216,-760,1632,-1,58,-5
10850,216,-752,1640,0,58,-4
10855,224,-776,1608,-1,58,-3
10860,224,-760,1624,-1,58,-1
10865,216,-776,1648,-2,58,-2
10870,224,-760,1640,-4,57,0
10875,216,-768,1664,-6,56,-2
10880,232,-752,1640,-8,56,-3
10885,208,-752,1632,-7,56,-4
10890,216,-744,1632,-7,53,-4
10895,248,-760,1616,-6,54,-4
10900,216,-736,1680,-5,52,-2
10905,240,-744,1696,-5,51,-4
10910,240,-736,1640,-4,52,-2
10915,232,-752,1616,-4,52,-3
10920,224,-744,1616,-6,51,-1
10925,216,-760,1632,-6,50,-3
10930,208,-760,1664,-7,51,-2
10935,224,-736,1680,-10,52,-1
10940,224,-752,1624,-11,52,0
10945,216,-760,1648,-13,53,0
10950,192,-744,1648,-14,53,1
10955,216,-752,1608,-15,52,2
10960,224,-744,1640,-18,52,2
10965,216,-768,1632,-17,53,3
10970,216,-776,1616,-18,54,4
10975,208,-744,1624,-19,52,4
10980,208,-744,1648,-18,54,2
10985,232,-752,1664,-17,54,2
10990,216,-760,1608,-17,54,2
10995,208,-776,1632,-18,53,2
11000,200,-752,1616,-18,51,1
11005,224,-776,1640,-19,50,1
11010,216,-768,1616,-20,52,-1
11015,232,-872,1752,-21,51,0
11020,208,-760,1624,-21,51,-3
11025,232,-776,1608,-20,52,-2
11030,216,-768,1632,-18,54,-3
11035,224,-776,1600,-15,55,-1
11040,192,-768,1600,-16,55,-4
11045,216,-776,1592,-14,57,-4
11050,216,-744,1600,-13,59,-6
11055,232,-760,1592,-11,60,-4
11060,208,-760,1648,-8,60,-5
11065,224,-768,1632,-7,59,-5
11070,240,-776,1632,-8,61,-6
11075,200,-768,1624,-6,59,-4
11080,192,-760,1632,-6,60,-5
11085,200,-768,1632,-7,60,-3
11090,208,-744,1656,-7,59,-6
11095,224,-784,1672,-6,59,-3
11100,232,-752,1656,-9,58,-5
11105,224,-744,1616,-9,59,-2
11110,192,-752,1624,-10,58,-4
11115,224,-768,1616,-10,58,-3
11120,200,-736,1632,-12,58,-4
11125,208,-744,1624,-10,59,-2
11130,248,-768,1624,-10,58,-5
11135,232,-784,1640,-11,59,-4
11140,224,-736,1664,-10,57,-4
11145,248,-768,1624,-11,58,-2
11150,224,-768,1648,-13,58,-3
11155,224,-776,1616,-15,57,-1
11160,200,-736,1632,-16,56,-4
11165,216,-752,1632,-18,55,-1
11170,232,-768,1648,-18,54,-4
11175,216,-768,1656,-18,54,-2
11180,232,-792,1640,-18,54,-5
11185,216,-752,1640,-17,55,-4
11190,232,-760,1624,-16,54,-5
11195,224,-776,1632,-14,54,-2
11200,216,-768,1632,-12,54,-4
11205,192,-752,1592,-12,53,-2
11210,216,-768,1624,-12,54,-4
11215,184,-768,1632,-11,52,-1
11220,208,-776,1656,-11,53,-2
11225,248,-736,1640,-12,51,0
11230,208,-736,1624,-13,51,-3
11235,224,-760,1624,-14,51,-1
11240,224,-776,1648,-14,51,-2
11245,224,-760,1632,-15,51,0
11250,224,-784,1632,-16,50,-2
11255,216,-784,1640,-15,48,-2
11260,208,-760,1640,-15,47,-4
11265,208,-768,1592,-13,46,-3
11270,208,-752,1640,-12,49,-3
11275,216,-760,1632,-11,49,-2
11280,248,-768,1640,-13,49,-3
11285,200,-816,1760,-11,50,-1
11290,232,-784,1608,-11,51,-1
11295,200,-752,1640,-11,52,1
11300,232,-784,1672,-11,54,0
11305,208,-760,1624,-12,52,1
11310,216,-760,1640,-13,53,-2
11315,208,-744,1592,-13,53,-1
11320,216,-760,1624,-14,54,-2
11325,232,-752,1632,-14,53,0
11330,232,-760,1624,-14,53,-2
11335,208,-744,1632,-14,54,-2
11340,208,-768,1608,-14,53,-3
11345,200,-768,1600,-13,54,-1
11350,232,-768,1624,-13,56,-3
11355,208,-768,1616,-13,56,-3
11360,208,-760,1616,-12,56,-2
11365,200,-768,1648,-14,57,-4
11370,200,-752,1648,-15,58,-3
11375,216,-752,1696,-15,57,-5
11380,192,-736,1656,-15,56,-6
11385,208,-768,1648,-15,57,-7
11390,224,-760,1688,-14,56,-7
11395,216,-776,1672,-14,57,-5
11400,224,-768,1640,-14,55,-5
11405,232,-760,1624,-15,54,-6
11410,232,-744,1616,-14,54,-4
11415,216,-744,1616,-12,55,-5
11420,224,-784,1624,-13,54,-4
11425,184,-760,1624,-13,54,-4
11430,184,-752,1624,-14,55,-3
11435,208,-752,1672,-18,54,-4
11440,224,-752,1656,-22,55,-3
11445,208,-760,1624,-23,55,-6
11450,216,-744,1648,-25,56,-5
11455,192,-760,1648,-24,57,-7
11460,216,-752,1632,-24,54,-6
11465,216,-736,1664,-23,52,-8
11470,208,-744,1608,-23,51,-6
11475,208,-768,1640,-22,48,-10
11480,216,-736,1648,-22,48,-8
11485,240,-744,1704,-24,47,-12
11490,232,-768,1640,-27,49,-9
11495,240,-760,1680,-32,48,-10
11500,224,-744,1680,-35,46,-8
11505,240,-768,1672,-42,45,-11
11510,232,-768,1680,-47,42,-10
11515,224,-800,1664,-51,38,-13
11520,216,-824,1656,-51,36,-13
11525,248,-808,1576,-48,31,-16
11530,232,-800,1608,-41,26,-16
11535,216,-800,1616,-37,26,-19
11540,240,-800,1584,-29,25,-17
11545,232,-808,1600,-22,27,-17
11550,232,-792,1592,-17,27,-13
11555,216,-784,1608,-11,30,-13
11560,240,-816,1680,-6,35,-8
11565,208,-752,1552,-3,38,-8
11570,216,-728,1576,0,43,-5
11575,208,-768,1600,0,48,-8
11580,224,-744,1592,-1,47,-7
11585,216,-776,1600,-3,48,-9
11590,232,-752,1616,-2,50,-6
11595,216,-760,1640,-4,51,-8
11600,232,-776,1632,-6,51,-6
11605,208,-752,1656,-7,50,-8
11610,216,-768,1632,-10,51,-5
11615,224,-768,1672,-12,52,-7
11620,200,-768,1640,-15,51,-5
11625,224,-744,1656,-16,50,-6
11630,208,-744,1632,-16,51,-5
11635,224,-760,1648,-17,52,-7
11640,240,-776,1648,-18,51,-4
11645,208,-760,1632,-19,50,-7
11650,240,-768,1632,-19,49,-6
11655,224,-768,1648,-22,50,-7
11660,240,-760,1632,-21,50,-6
11665,224,-784,1648,-20,50,-8
11670,240,-784,1656,-19,48,-6
11675,240,-776,1640,-18,50,-10
11680,208,-776,1632,-17,50,-6
11685,224,-768,1624,-15,49,-7
11690,240,-760,1640,-14,50,-6
11695,240,-752,1632,-13,51,-8
11700,240,-768,1616,-13,52,-7
11705,216,-784,1600,-13,54,-6
11710,240,-792,1632,-10,56,-4
11715,232,-768,1608,-3,63,-6
11720,208,-768,1584,1,70,-7
11725,224,-760,1592,-3,60,-6
11730,216,-760,1624,-6,55,-2
11735,232,-752,1640,-7,56,-2
11740,216,-768,1624,-7,56,-2
11745,224,-768,1632,-8,55,-1
11750,216,-744,1632,-8,54,-1
11755,208,-760,1624,-9,55,-1
11760,200,-752,1640,-11,56,-1
11765,224,-776,1640,-12,56,-2
11770,216,-776,1664,-13,56,-1
11775,240,-760,1648,-13,56,-3
11780,208,-744,1664,-15,56,-3
11785,208,-800,1608,-16,54,-3
11790,216,-784,1640,-16,54,-3
11795,240,-784,1608,-14,53,-4
11800,240,-776,1632,-13,53,-5
11805,200,-768,1640,-11,53,-4
11810,224,-792,1648,-11,53,-4
11815,232,-784,1656,-10,54,-4
11820,224,-776,1608,-11,53,-3
11825,240,-784,1632,-9,53,-1
11830,224,-768,1624,-8,54,-3
11835,224,-760,1616,-9,53,-1
11840,208,-760,1608,-8,54,-2
11845,240,-776,1632,-5,54,-1
11850,224,-760,1632,-4,55,-3
11855,240,-760,1632,-4,53,-1
11860,224,-760,1656,-4,54,-2
11865,248,-752,1624,-5,54,-1
11870,216,-768,1624,-3,54,-3
11875,216,-744,1640,-2,55,-1
11880,216,-768,1640,-2,54,-3
11885,216,-784,1632,-2,55,-2
11890,224,-744,1624,-2,55,-5
11895,216,-744,1648,-4,54,-2
11900,232,-752,1656,-5,54,-4
11905,240,-768,1656,-6,53,-3
11910,208,-760,1632,-8,54,-5
11915,256,-776,1664,-11,53,-1
11920,224,-760,1656,-12,52,-3
11925,208,-768,1664,-15,53,-2
11930,208,-792,1640,-16,55,-4
11935,232,-760,1616,-14,55,-2
11940,152,-688,1608,-13,54,-5
11945,208,-776,1648,-13,54,-2
11950,208,-768,1608,-13,54,-4
11955,216,-784,1632,-14,55,-3
11960,216,-776,1608,-16,55,-6
11965,232,-760,1656,-16,55,-4
11970,224,-752,1632,-15,54,-6
11975,216,-776,1648,-14,53,-3
11980,224,-768,1608,-13,53,-4
11985,208,-760,1632,-16,52,-4
11990,208,-736,1664,-15,52,-7
11995,208,-776,1648,-16,50,-5
12000,208,-760,1656,-17,51,-8
12005,216,-736,1704,-20,51,-6
12010,208,-760,1688,-24,48,-10
12015,224,-736,1664,-33,45,-10
12020,216,-744,1744,-43,43,-15
12025,224,-768,1712,-54,38,-12
12030,224,-760,1728,-63,37,-17
12035,264,-816,1728,-67,33,-17
12040,168,-752,1672,-56,52,-29
12045,208,-792,1656,-63,32,-23
12050,216,-800,1672,-67,19,-21
12055,240,-768,1664,-63,14,-18
12060,240,-792,1616,-57,16,-22
12065,200,-776,1616,-60,15,-18
12070,224,-768,1552,-57,18,-17
12075,216,-752,1608,-60,23,-14
12080,232,-776,1560,-68,21,-13
12085,240,-768,1608,-75,24,-11
12090,240,-776,1592,-81,29,-11
12095,216,-744,1600,-88,30,-11
12100,232,-760,1616,-92,29,-12
12105,216,-776,1584,-93,29,-10
12110,248,-800,1632,-90,28,-11
12115,240,-816,1624,-83,27,-9
12120,256,-800,1640,-70,30,-8
12125,280,-800,1616,-50,35,-7
12130,248,-808,1568,-34,36,-7
12135,232,-800,1560,-26,35,-6
12140,256,-792,1560,-24,33,-5
12145,248,-776,1576,-24,33,-3
12150,224,-792,1568,-25,40,-4
12155,248,-760,1576,-27,42,-3
12160,200,-752,1552,-28,45,-3
12165,240,-776,1568,-32,47,-2
12170,240,-768,1640,-34,46,-2
12175,216,-792,1624,-33,46,-4
12180,232,-792,1624,-30,46,-3
12185,224,-744,1672,-27,46,-4
12190,208,-760,1624,-24,47,-6
12195,216,-760,1608,-21,46,-8
12200,224,-768,1632,-21,48,-8
12205,216,-768,1624,-23,50,-8
12210,232,-784,1616,-28,51,-8
12215,240,-776,1600,-32,51,-7
12220,240,-808,1640,-33,51,-3
12225,248,-792,1616,-34,52,-3
12230,224,-792,1608,-33,52,0
12235,232,-800,1632,-30,52,0
12240,224,-784,1624,-26,54,1
12245,232,-808,1648,-24,52,0
12250,248,-808,1656,-20,53,0
12255,232,-784,1632,-16,53,-3
12260,216,-792,1632,-14,52,-2
12265,256,-784,1600,-14,52,-4
12270,232,-792,1608,-13,52,-3
12275,248,-800,1592,-12,51,-4
12280,248,-792,1600,-13,51,-3
12285,248,-792,1600,-11,51,-4
12290,232,-776,1584,-7,51,0
12295,248,-800,1568,-3,53,-1
12300,240,-768,1576,0,55,2
12305,264,-776,1608,2,58,0
12310,256,-760,1584,3,59,2
12315,256,-760,1608,2,58,-2
12320,344,-760,1608,0,58,1
12325,240,-776,1624,-1,59,-1
12330,232,-784,1608,-3,60,-1
12335,232,-792,1640,-4,59,-3
12340,240,-800,1640,-7,58,-1
12345,224,-800,1640,-7,58,-3
12350,224,-784,1640,-4,57,-1
12355,224,-824,1608,-2,55,-2
12360,232,-800,1592,4,52,-2
12365,224,-800,1600,8,54,-5
12370,232,-792,1616,11,54,-2
12375,232,-768,1608,14,53,-3
12380,240,-776,1608,15,53,-2
12385,192,-760,1592,16,52,-5
12390,224,-792,1656,15,51,-2
12395,208,-776,1616,15,51,-4
12400,216,-768,1608,16,52,-2
12405,216,-768,1624,15,53,-4
12410,232,-784,1640,14,54,-2
12415,232,-792,1624,15,53,-4
12420,232,-760,1632,15,53,-4
12425,216,-784,1640,14,55,-5
12430,216,-760,1616,12,54,-3
12435,224,-760,1616,13,54,-5
12440,248,-760,1616,11,53,-1
12445,240,-776,1624,8,53,-3
12450,240,-768,1600,5,52,0
12455,256,-776,1608,4,51,-3
12460,224,-768,1632,3,50,-1
12465,256,-760,1608,2,49,-3
12470,248,-776,1616,2,51,0
12475,248,-792,1600,3,51,-2
12480,256,-760,1632,1,52,0
12485,256,-792,1616,1,53,-1
12490,240,-768,1600,-1,53,0
12495,224,-760,1632,-1,53,0
12500,248,-792,1640,0,53,2
12505,248,-800,1632,1,53,0
12510,232,-776,1608,3,54,1
12515,248,-784,1640,4,53,0
12520,240,-776,1616,4,53,1
12525,240,-776,1600,3,53,-1
12530,256,-768,1624,2,54,0
12535,224,-776,1632,2,54,0
12540,232,-752,1608,1,54,1
12545,240,-768,1648,2,55,-2
12550,240,-776,1624,-1,55,-1
12555,232,-760,1640,-3,55,0
12560,232,-768,1624,-3,55,0
12565,208,-776,1632,-2,56,-1
12570,224,-776,1640,-1,57,-1
12575,200,-784,1648,0,58,-1
12580,224,-784,1624,2,59,-1
12585,240,-760,1624,3,58,-2
12590,224,-752,1624,3,59,-1
12595,216,-840,1688,1,60,0
12600,216,-760,1640,0,61,-1
12605,240,-768,1600,-1,60,-1
12610,264,-784,1624,-1,59,-1
12615,232,-808,1624,-1,58,-1
12620,232,-792,1640,-2,60,-2
12625,240,-800,1584,-1,60,-2
12630,232,-768,1592,1,61,-2
12635,232,-800,1616,4,62,-1
12640,232,-792,1648,5,61,0
12645,224,-800,1600,8,62,0
12650,224,-784,1608,10,61,-1
12655,224,-768,1624,12,63,1
12660,232,-808,1664,14,64,0
12665,240,-776,1624,16,64,2
12670,256,-792,1616,15,64,-1
12675,224,-784,1624,15,63,1
12680,248,-744,1632,14,61,0
12685,208,-744,1648,14,60,1
12690,256,-784,1648,12,60,-1
12695,232,-776,1656,11,58,0
12700,240,-776,1632,12,57,-1
12705,232,-744,1608,11,57,1
12710,240,-768,1608,8,56,-2
12715,240,-768,1632,8,55,1
12720,248,-768,1640,5,54,-3
12725,280,-760,1632,2,53,0
12730,240,-752,1648,1,51,-2
12735,216,-768,1656,-3,52,1
12740,224,-768,1624,-3,50,-1
12745,216,-728,1608,-6,48,1
12750,248,-760,1632,-8,48,-2
12755,240,-744,1632,-9,48,1
12760,264,-784,1640,-11,45,-3
12765,216,-752,1624,-13,44,-1
12770,224,-768,1632,-16,43,-5
12775,240,-792,1656,-16,43,-3
12780,256,-776,1632,-18,42,-7
12785,256,-784,1624,-18,42,-6
12790,240,-776,1600,-17,44,-9
12795,232,-784,1624,-17,43,-7
12800,224,-776,1624,-15,43,-10
12805,232,-776,1624,-15,45,-8
12810,208,-752,1608,-14,43,-11
12815,216,-744,1600,-14,43,-9
12820,200,-768,1624,-13,44,-11
12825,232,-744,1624,-12,45,-10
12830,208,-776,1640,-14,45,-12
12835,208,-760,1616,-13,45,-11
12840,256,-768,1624,-14,46,-13
12845,232,-768,1592,-15,46,-12
12850,208,-752,1600,-16,47,-13
12855,224,-752,1616,-17,50,-11
12860,232,-768,1624,-17,50,-13
12865,224,-752,1640,-17,53,-10
12870,224,-768,1584,-19,54,-10
12875,240,-768,1632,-17,55,-7
12880,248,-776,1624,-16,56,-6
12885,232,-760,1648,-16,58,-5
12890,232,-760,1608,-15,58,-4
12895,248,-760,1592,-14,59,-3
12900,248,-776,1640,-15,60,-1
12905,256,-768,1624,-16,60,-1
12910,240,-760,1616,-14,60,-1
12915,272,-752,1616,-15,61,1
12920,264,-776,1632,-14,61,1
12925,272,-752,1616,-16,60,5
12930,288,-768,1624,-15,61,4
12935,280,-752,1640,-13,61,6
12940,288,-768,1632,-13,64,6
12945,296,-784,1600,-13,65,8
12950,280,-784,1616,-11,66,8
12955,288,-784,1632,-12,66,10
12960,248,-768,1624,-12,69,11
12965,264,-776,1632,-12,68,11
12970,256,-776,1616,-12,69,11
12975,248,-768,1616,-10,69,12
12980,256,-752,1592,-10,72,13
12985,272,-760,1640,-9,72,12
12990,248,-760,1648,-9,72,13
12995,264,-784,1608,-9,73,13
13000,248,-792,1608,-10,72,12
13005,240,-776,1632,-11,73,11
13010,224,-768,1632,-11,73,12
13015,216,-760,1632,-11,72,11
13020,240,-760,1600,-10,70,12
13025,216,-760,1640,-10,71,10
13030,232,-760,1624,-9,70,10
13035,208,-776,1640,-10,71,7
13040,200,-760,1608,-13,70,8
13045,216,-768,1656,-12,67,6
13050,208,-792,1608,-13,67,5
13055,200,-776,1624,-13,66,1
13060,192,-752,1616,-15,66,1
13065,216,-744,1616,-16,65,-1
13070,224,-776,1624,-16,66,0
13075,216,-792,1624,-17,66,-2
13080,216,-784,1664,-15,64,-1
13085,200,-784,1632,-16,65,-3
13090,208,-768,1632,-14,64,-1
13095,184,-776,1592,-12,64,-3
13100,208,-760,1616,-11,63,-2
13105,200,-760,1608,-10,63,-4
13110,240,-768,1608,-8,64,-4
13115,216,-752,1648,-8,62,-7
13120,224,-776,1616,-8,62,-5
13125,208,-728,1632,-8,61,-6
13130,208,-760,1600,-9,61,-5
13135,240,-776,1648,-12,61,-6
13140,232,-808,1632,-15,59,-3
13145,216,-760,1664,-15,60,-4
13150,176,-752,1640,-17,58,-2
13155,216,-776,1624,-16,55,-5
13160,216,-792,1608,-14,53,-3
13165,200,-808,1624,-8,51,-4
13170,200,-808,1616,-3,48,-3
13175,224,-776,1656,0,47,-5
13180,200,-792,1640,6,47,-3
13185,208,-752,1624,9,48,-4
13190,216,-752,1624,13,47,-1
13195,224,-776,1608,14,48,-1
13200,240,-760,1608,15,50,3
13205,224,-744,1632,16,51,3
13210,232,-736,1624,13,53,6
13215,224,-736,1648,11,52,3
13220,216,-736,1640,11,52,6
13225,240,-744,1656,9,52,3
13230,200,-760,1664,5,51,4
13235,208,-752,1600,3,49,3
13240,248,-768,1632,3,49,5
13245,200,-736,1608,1,46,3
13250,216,-768,1616,2,46,4
13255,248,-776,1616,3,45,2
13260,240,-736,1640,4,44,5
13265,240,-744,1624,3,45,4
13270,232,-760,1608,1,46,6
13275,248,-760,1608,0,46,5
13280,232,-736,1616,-3,46,7
13285,224,-752,1608,-6,48,4
13290,208,-768,1664,-9,48,5
13295,216,-768,1640,-11,47,2
13300,240,-784,1624,-14,47,3
13305,232,-752,1616,-13,50,0
13310,232,-752,1624,-11,48,2
13315,208,-720,1632,-8,50,2
13320,248,-752,1640,-7,51,2
13325,248,-752,1600,-8,50,1
13330,232,-760,1616,-11,48,2
13335,224,-760,1648,-11,49,1
13340,232,-760,1600,-9,50,1
13345,256,-744,1640,-10,49,0
13350,216,-736,1624,-11,51,1
13355,240,-744,1632,-13,51,-1
13360,240,-776,1632,-15,51,-1
13365,256,-768,1624,-17,52,-2
13370,232,-752,1632,-17,52,-2
13375,232,-768,1648,-17,54,-3
13380,232,-768,1640,-17,55,-3
13385,240,-744,1656,-18,55,-4
13390,232,-768,1632,-21,56,-5
13395,224,-760,1664,-20,57,-4
13400,208,-760,1616,-21,57,-7
13405,232,-776,1632,-22,57,-5
13410,208,-744,1624,-23,57,-7
13415,216,-752,1608,-24,56,-7
13420,216,-752,1616,-25,55,-8
13425,216,-736,1664,-25,56,-8
13430,240,-784,1624,-25,56,-9
13435,200,-776,1648,-25,56,-8
13440,232,-768,1624,-25,55,-7
13445,216,-768,1584,-24,57,-6
13450,224,-784,1648,-23,58,-7
13455,192,-776,1640,-24,57,-5
13460,200,-784,1632,-24,58,-6
13465,216,-768,1632,-23,57,-4
13470,216,-776,1624,-21,56,-5
13475,208,-784,1616,-19,55,-4
13480,216,-768,1632,-17,56,-6
13485,232,-776,1624,-16,56,-5
13490,224,-792,1616,-14,55,-7
13495,216,-784,1600,-10,54,-5
13500,200,-776,1616,-8,54,-8
13505,224,-776,1608,-7,54,-4
13510,224,-776,1624,-7,53,-7
13515,200,-768,1592,-7,54,-5
13520,200,-696,1592,-4,54,-7
13525,232,-744,1632,-3,52,-5
13530,224,-760,1592,-4,52,-8
13535,232,-744,1608,-4,52,-5
13540,224,-760,1624,-6,52,-7
13545,224,-760,1664,-8,51,-3
13550,232,-768,1616,-9,51,-5
13555,200,-744,1656,-11,49,-2
13560,224,-760,1656,-12,48,-4
13565,240,-776,1656,-13,46,1
13570,208,-744,1656,-14,47,-2
13575,216,-776,1632,-15,47,0
13580,240,-776,1632,-16,46,-1
13585,224,-760,1648,-17,46,0
13590,216,-752,1664,-18,46,-3
13595,224,-768,1640,-19,44,0
13600,240,-768,1648,-19,44,-3
13605,200,-760,1640,-20,45,1
13610,216,-768,1648,-22,44,-1
13615,248,-768,1624,-23,43,-1
13620,240,-792,1616,-24,43,-3
13625,216,-768,1632,-24,42,-1
13630,216,-768,1648,-24,42,-2
13635,240,-768,1616,-23,42,-1
13640,208,-760,1608,-22,42,-5
13645,224,-776,1600,-18,41,-3
13650,224,-760,1608,-17,40,-5
13655,224,-776,1608,-17,43,-4
13660,200,-768,1592,-15,42,-6
13665,232,-768,1576,-14,43,-4
13670,208,-776,1632,-16,43,-6
13675,240,-760,1624,-14,45,-3
13680,248,-784,1608,-15,45,-6
13685,240,-760,1648,-15,44,-4
13690,240,-768,1640,-15,44,-6
13695,248,-776,1648,-16,45,-4
13700,192,-728,1632,-15,46,-6
13705,240,-760,1648,-15,47,-6
13710,224,-768,1624,-13,45,-7
13715,232,-768,1648,-13,46,-6
13720,240,-784,1632,-15,47,-7
13725,256,-752,1680,-14,47,-6
13730,248,-776,1664,-14,46,-9
13735,240,-776,1672,-14,47,-7
13740,216,-776,1624,-13,47,-7
13745,256,-784,1656,-13,48,-7
13750,248,-752,1648,-15,49,-7
13755,224,-760,1648,-14,49,-6
13760,216,-744,1632,-14,48,-7
13765,232,-768,1624,-15,49,-7
13770,232,-752,1624,-14,49,-8
13775,216,-752,1632,-15,51,-7
13780,240,-760,1608,-18,51,-7
13785,240,-768,1632,-18,51,-7
13790,256,-768,1640,-18,52,-7
13795,232,-760,1656,-19,51,-6
13800,224,-768,1632,-20,52,-6
13805,216,-760,1640,-21,55,-6
13810,248,-768,1616,-22,53,-6
13815,232,-760,1624,-20,54,-6
13820,248,-760,1624,-19,54,-5
13825,248,-784,1632,-16,54,-5
13830,264,-776,1664,-15,56,-5
13835,200,-720,1560,-14,59,-5
13840,232,-744,1600,-13,63,-4
13845,216,-768,1640,-14,66,-1
13850,232,-768,1608,-14,69,2
13855,248,-792,1640,-15,72,2
13860,200,-760,1600,-16,74,4
13865,200,-792,1608,-20,76,2
13870,232,-760,1592,-25,80,3
13875,264,-784,1568,-30,85,3
13880,272,-784,1592,-27,88,5
13885,272,-792,1632,-21,87,1
13890,312,-792,1584,-20,82,0
13895,352,-808,1600,-30,72,-5
13900,376,-856,1600,-54,60,-11
13905,384,-816,1592,-89,48,-28
13910,416,-856,1600,-145,29,-48
13915,392,-832,1592,-207,8,-83
13920,400,-824,1584,-269,-9,-112
13925,400,-816,1576,-317,-25,-132
13930,472,-808,1488,-359,-35,-146
13935,392,-840,1496,-409,-41,-175
13940,264,-896,1544,-481,-63,-224
13945,120,-912,1624,-539,-104,-267
13950,128,-888,1544,-535,-136,-260
13955,240,-912,1480,-454,-106,-234
13960,240,-904,1400,-366,-41,-214
13965,168,-744,1488,-290,29,-204
13970,304,-744,1456,-213,93,-160
13975,216,-688,1480,-190,151,-149
13980,288,-640,1520,-219,199,-137
13985,384,-712,1544,-282,241,-128
13990,456,-768,1576,-369,285,-117
13995,496,-904,1616,-460,334,-111
14000,488,-1008,1680,-504,367,-102
14005,512,-1104,1736,-512,399,-98
14010,488,-1208,1760,-481,431,-94
14015,496,-1272,1776,-423,466,-102
14020,456,-1328,1792,-343,497,-116
14025,488,-1328,1744,-257,527,-149
14030,464,-1256,1672,-177,557,-193
14035,456,-1160,1640,-106,595,-258
14040,448,-1144,1544,-44,624,-309
14045,480,-1096,1512,-7,654,-365
14050,440,-1048,1520,22,684,-410
14055,424,-1000,1520,52,707,-454
14060,424,-944,1504,79,724,-495
14065,384,-896,1544,102,734,-537
14070,376,-896,1560,125,744,-572
14075,344,-864,1584,146,750,-607
14080,296,-848,1616,167,753,-641
14085,264,-840,1664,185,748,-672
14090,224,-824,1672,195,743,-700
14095,256,-824,1664,191,738,-729
14100,232,-808,1680,172,731,-752
14105,168,-792,1664,147,731,-770
14110,120,-816,1752,116,741,-782
14115,128,-824,1800,105,747,-795
14120,104,-800,1712,100,747,-805
14125,128,-800,1736,77,753,-808
14130,96,-816,1728,60,764,-822
14135,56,-848,1696,51,775,-833
14140,24,-816,1640,48,779,-843
14145,-40,-824,1608,41,781,-855
14150,48,-840,1544,33,773,-869
14155,32,-840,1536,23,772,-882
14160,16,-840,1504,11,771,-897
14165,24,-800,1416,-4,776,-902
14170,64,-776,1392,-29,791,-895
14175,24,-696,1328,-49,817,-882
14180,-40,-632,1328,-72,847,-866
14185,8,-560,1328,-100,866,-835
14190,56,-520,1344,-157,855,-812
14195,16,-528,1416,-220,844,-804
14200,-8,-512,1480,-270,824,-789
14205,80,-600,1560,-305,804,-766
14210,80,-600,1600,-336,774,-781
14215,8,-640,1672,-340,758,-782
14220,88,-688,1728,-305,748,-769
14225,120,-760,1760,-256,732,-771
14230,120,-776,1768,-198,727,-767
14235,152,-816,1800,-135,723,-758
14240,160,-776,1768,-73,707,-747
14245,24,-800,1808,-4,698,-740
14250,24,-728,1800,54,740,-746
14255,48,-664,1736,103,757,-736
14260,88,-592,1736,114,755,-730
14265,24,-520,1736,100,748,-720
14270,-40,-512,1712,74,754,-705
14275,-112,-496,1720,36,751,-686
14280,-144,-472,1680,-8,736,-672
14285,-168,-504,1680,-59,716,-650
14290,-112,-552,1656,-115,688,-623
14295,-248,-584,1576,-191,628,-600
14300,-248,-688,1560,-244,611,-591
14305,-192,-752,1608,-282,602,-583
14310,-128,-872,1560,-304,601,-578
14315,-176,-944,1640,-313,604,-584
14320,-176,-952,1608,-305,604,-584
14325,-200,-952,1616,-284,599,-577
14330,-200,-944,1640,-256,595,-566
14335,-192,-920,1616,-230,588,-541
14340,-192,-880,1584,-201,583,-521
14345,-184,-872,1592,-191,574,-498
14350,-176,-848,1544,-189,567,-482
14355,-192,-832,1544,-192,563,-460
14360,-184,-824,1568,-210,556,-449
14365,-240,-776,1584,-236,547,-436
14370,-232,-768,1576,-260,537,-426
14375,-240,-800,1592,-281,526,-416
14380,-208,-832,1544,-298,517,-406
14385,-224,-840,1536,-309,499,-393
14390,-232,-888,1560,-318,481,-382
14395,-232,-936,1520,-320,456,-361
14400,-312,-960,1544,-317,434,-340
14405,-256,-1000,1536,-299,395,-304
14410,-208,-1008,1544,-290,368,-291
14415,-184,-1016,1600,-284,366,-277
14420,-168,-1040,1600,-284,365,-265
14425,-160,-1024,1696,-283,356,-255
14430,-96,-992,1704,-284,337,-254
14435,-80,-944,1736,-285,324,-252
14440,-64,-920,1712,-281,314,-246
14445,72,-856,1800,-267,307,-235
14450,32,-872,1648,-249,308,-229
14455,56,-848,1640,-232,311,-215
14460,104,-872,1688,-222,329,-211
14465,112,-864,1696,-209,347,-204
14470,96,-888,1656,-202,365,-202
14475,104,-944,1648,-199,383,-201
14480,24,-904,1696,-196,400,-209
14485,-72,-920,1680,-187,406,-208
14490,-96,-920,1680,-172,386,-210
14495,-112,-888,1592,-149,376,-199
14500,-120,-888,1528,-139,386,-191
14505,-104,-848,1528,-126,406,-181
14510,-128,-912,1520,-115,416,-176
14515,-112,-864,1504,-110,421,-168
14520,-176,-872,1504,-116,432,-159
14525,-128,-888,1504,-126,447,-142
14530,-128,-880,1528,-142,463,-129
14535,-128,-872,1504,-166,474,-120
14540,-128,-928,1496,-192,486,-115
14545,-128,-928,1480,-213,498,-109
14550,-120,-960,1496,-224,520,-96
14555,-96,-984,1488,-226,545,-85
14560,8,-880,1544,-216,561,-75
14565,-192,-1064,1536,-208,573,-53
14570,-128,-1016,1512,-215,603,-87
14575,-120,-976,1536,-215,608,-135
14580,-120,-912,1544,-219,611,-157
14585,0,-744,1576,-219,617,-155
14590,-168,-1000,1472,-204,620,-108
14595,-224,-976,1544,-244,673,-140
14600,-240,-896,1552,-265,677,-193
14605,-152,-912,1512,-283,673,-216
14610,-184,-912,1512,-302,679,-224
14615,-208,-936,1488,-319,686,-221
14620,-136,-928,1496,-338,694,-212
14625,-168,-600,1616,-359,700,-199
14630,-192,-1128,1384,-315,689,-105
14635,-328,-1016,1616,-394,731,-109
14640,-304,-880,1544,-451,703,-165
14645,-304,-816,1504,-499,668,-174
14650,-312,-768,1504,-556,660,-157
14655,-296,-800,1472,-615,661,-130
14660,-280,-800,1472,-678,664,-103
14665,-352,-856,1432,-736,665,-79
14670,-288,-936,1408,-792,654,-57
14675,-248,-1000,1384,-847,647,-44
14680,-208,-968,1424,-900,619,-38
14685,-72,-848,1472,-930,590,-37
14690,-24,-1064,1360,-913,571,17
14695,-128,-1016,1400,-931,606,17
14700,-168,-952,1448,-945,584,-40
14705,-144,-904,1392,-954,559,-82
14710,-128,-912,1400,-968,555,-93
14715,-160,-920,1344,-993,550,-96
14720,-272,-984,1344,-1014,554,-83
14725,-296,-968,1344,-1038,547,-86
14730,-320,-1040,1344,-1058,539,-82
14735,-384,-1064,1328,-1082,535,-82
14740,-328,-1096,1376,-1121,497,-80
14745,-360,-1112,1400,-1157,453,-76
14750,-352,-1104,1440,-1180,407,-57
14755,-112,-856,1552,-1200,356,-45
14760,-352,-1184,1248,-1178,285,58
14765,-544,-1336,1288,-1213,313,76
14770,-456,-1272,1368,-1235,289,14
14775,-400,-1312,1344,-1234,246,-38
14780,-296,-1336,1328,-1228,209,-62
14785,-296,-1408,1296,-1215,193,-83
14790,-328,-1464,1216,-1191,193,-86
14795,-352,-1512,1208,-1168,186,-84
14800,-368,-1512,1232,-1149,188,-77
14805,-344,-1528,1248,-1132,182,-74
14810,-368,-1520,1296,-1111,165,-68
14815,-416,-1512,1336,-1081,155,-58
14820,-424,-1544,1328,-1046,142,-40
14825,-496,-1544,1280,-1018,138,-27
14830,-480,-1536,1248,-989,137,-7
14835,-416,-1520,1240,-963,135,1
14840,-352,-1536,1280,-949,122,2
14845,-368,-1504,1328,-928,117,-2
14850,-360,-1464,1288,-890,119,0
14855,-384,-1480,1256,-856,130,7
14860,-424,-1520,1272,-828,143,17
14865,-400,-1528,1232,-808,155,18
14870,-392,-1560,1264,-793,167,21
14875,-392,-1560,1280,-777,177,17
14880,-408,-1560,1312,-753,186,18
14885,-384,-1536,1304,-723,193,19
14890,-392,-1528,1296,-682,202,27
14895,-400,-1528,1288,-653,214,30
14900,-432,-1536,1280,-632,219,37
14905,-360,-1544,1280,-619,219,38
14910,-296,-1544,1312,-615,212,36
14915,-328,-1520,1312,-609,203,30
14920,-280,-1520,1336,-600,192,28
14925,-288,-1488,1344,-592,180,21
14930,-352,-1464,1336,-591,170,16
14935,-328,-1456,1352,-582,162,11
14940,-352,-1424,1360,-578,154,4
14945,-320,-1360,1344,-570,145,1
14950,-368,-1184,1384,-561,139,0
14955,-272,-1536,1144,-495,138,21
14960,-296,-1400,1328,-538,149,15
14965,-288,-1328,1320,-572,133,5
14970,-216,-1344,1312,-592,132,-1
14975,-248,-1376,1296,-627,134,-4
14980,-224,-1424,1248,-654,143,3
14985,-264,-1448,1256,-685,156,11
14990,-272,-1456,1272,-714,178,23
14995,-272,-1496,1288,-736,199,42
15000,-328,-1496,1336,-748,222,61
15005,-368,-1512,1304,-754,237,85
15010,-376,-1544,1360,-755,252,112
15015,-416,-1576,1384,-757,265,141
15020,-480,-1600,1352,-766,273,160
15025,-568,-1616,1320,-779,282,181
15030,-576,-1640,1320,-796,291,196
15035,-616,-1656,1288,-815,307,215
15040,-624,-1704,1272,-839,325,233
15045,-616,-1744,1176,-866,342,248
15050,-568,-1792,1144,-896,357,257
15055,-552,-1848,1096,-931,371,259
15060,-504,-1920,1096,-970,400,257
15065,-440,-1984,1048,-1000,424,257
15070,-416,-2032,1088,-1020,453,249
15075,-360,-2056,1080,-1030,485,245
15080,-336,-2056,1040,-1025,518,235
15085,-336,-2056,1008,-1008,549,230
15090,-304,-2080,1024,-981,576,218
15095,-384,-2048,976,-948,594,202
15100,-424,-2048,944,-909,610,187
15105,-472,-2024,968,-862,612,180
15110,-496,-2040,896,-826,601,171
15115,-552,-2072,912,-791,587,164
15120,-600,-2080,920,-757,573,158
15125,-640,-2112,928,-724,557,156
15130,-664,-2112,1008,-686,547,147
15135,-624,-2072,1016,-648,535,140
15140,-536,-2064,984,-609,531,121
15145,-408,-2048,976,-558,539,107
15150,-408,-2000,992,-511,547,83
15155,-488,-1960,880,-447,573,76
15160,-352,-1872,848,-387,626,67
15165,-528,-1920,840,-317,648,87
15170,-536,-1888,808,-268,664,104
15175,-544,-1872,816,-230,643,109
15180,-536,-1872,776,-199,627,117
15185,-552,-1896,792,-173,621,121
15190,-568,-1896,848,-127,616,121
15195,-600,-1920,808,-83,613,122
15200,-528,-1904,840,-39,618,106
15205,-424,-1888,832,-5,620,89
15210,-440,-1912,768,15,628,84
15215,-384,-1944,696,25,641,85
15220,-344,-1960,696,22,671,76
15225,-368,-1968,640,13,708,67
15230,-312,-2032,664,2,758,56
15235,-304,-2040,592,-7,808,49
15240,-312,-2048,592,-17,869,37
15245,-328,-2096,568,-30,922,32
15250,-360,-2096,592,-42,962,26
15255,-344,-2080,600,-61,997,15
15260,-280,-2088,592,-80,1020,-6
15265,-336,-2128,632,-104,1038,-23
15270,-312,-2120,672,-120,1051,-51
15275,-328,-2152,696,-117,1075,-84
15280,-304,-2080,736,-118,1111,-122
15285,-248,-2056,728,-111,1110,-149
15290,-288,-2064,696,-91,1095,-156
15295,-280,-2048,760,-74,1090,-165
15300,-240,-2048,696,-49,1073,-178
15305,-232,-2024,768,-17,1050,-177
15310,-232,-2008,680,22,1027,-180
15315,-200,-1920,600,52,996,-172
15320,-176,-1832,560,26,974,-173
15325,-192,-1816,560,-29,962,-173
15330,-184,-1808,560,-88,943,-174
15335,-336,-1984,472,-157,929,-181
15340,-96,-1712,616,-252,946,-237
15345,-184,-1784,520,-269,884,-227
15350,-176,-1840,552,-304,853,-167
15355,-272,-1856,552,-362,825,-150
15360,-328,-1904,552,-403,787,-147
15365,-368,-1976,536,-434,733,-152
15370,-352,-2000,592,-450,681,-153
15375,-376,-1992,600,-450,644,-162
15380,-368,-2008,656,-440,612,-169
15385,-344,-2000,608,-416,581,-178
15390,-328,-2016,624,-391,553,-187
15395,-288,-1976,624,-371,523,-196
15400,-232,-2000,640,-363,505,-211
15405,-224,-2160,568,-369,500,-237
15410,-208,-1928,696,-404,516,-309
15415,-272,-1800,712,-382,509,-349
15420,-144,-1912,608,-356,501,-273
15425,-192,-1952,576,-357,516,-238
15430,-248,-1928,568,-366,527,-228
15435,-208,-1960,560,-370,530,-232
15440,-272,-1936,496,-357,531,-240
15445,-280,-1984,472,-338,526,-251
15450,-288,-1944,432,-313,514,-262
15455,-192,-1928,432,-287,499,-289
15460,-184,-1904,408,-248,504,-330
15465,-232,-1872,376,-204,526,-384
15470,-224,-1824,368,-170,539,-439
15475,-208,-1752,376,-148,548,-499
15480,-200,-1752,360,-142,561,-550
15485,-208,-1792,400,-159,589,-572
15490,-208,-1792,464,-182,627,-580
15495,-232,-1848,520,-205,676,-590
15500,-248,-1904,544,-212,730,-588
15505,-272,-1960,576,-200,774,-598
15510,-272,-2040,584,-182,815,-612
15515,-280,-2072,608,-152,858,-621
15520,-256,-2096,536,-106,907,-617
15525,-240,-2144,504,-34,966,-598
15530,-240,-2128,424,32,1009,-582
15535,-248,-2120,304,99,1034,-575
15540,-224,-2072,240,164,1045,-558
15545,-208,-2024,176,225,1059,-532
15550,-208,-1960,120,286,1092,-505
15555,-280,-1872,96,340,1138,-499
15560,-336,-1800,16,382,1184,-504
15565,-440,-1712,0,397,1225,-516
15570,-520,-1648,0,385,1251,-514
15575,-552,-1584,-24,354,1243,-506
15580,-560,-1560,-48,310,1223,-486
15585,-544,-1560,-136,246,1200,-466
15590,-480,-1576,-96,173,1187,-446
15595,-496,-1568,-136,111,1187,-452
15600,-536,-1560,-144,60,1194,-468
15605,-600,-1592,-184,18,1199,-482
15610,-632,-1616,-160,-21,1201,-465
15615,-648,-1648,-168,-44,1204,-437
15620,-640,-1672,-200,-53,1206,-403
15625,-648,-1696,-176,-48,1210,-377
15630,-648,-1672,-200,-37,1218,-356
15635,-648,-1680,-192,-26,1228,-342
15640,-640,-1680,-176,-27,1244,-330
15645,-664,-1664,-192,-45,1268,-331
15650,-688,-1696,-200,-68,1300,-334
15655,-704,-1680,-224,-98,1332,-346
15660,-712,-1728,-144,-133,1356,-351
15665,-712,-1728,-208,-158,1389,-355
15670,-728,-1768,-240,-160,1424,-356
15675,-736,-1816,-232,-142,1450,-363
15680,-776,-1832,-248,-107,1467,-376
15685,-800,-1808,-280,-61,1476,-394
15690,-768,-1768,-264,-6,1472,-409
15695,-752,-1792,-272,50,1456,-428
15700,-736,-1720,-256,118,1441,-450
15705,-744,-1656,-272,169,1427,-476
15710,-800,-1552,-288,203,1417,-497
15715,-824,-1464,-296,209,1411,-518
15720,-856,-1416,-296,185,1399,-532
15725,-872,-1320,-288,139,1389,-541
15730,-920,-1280,-320,83,1384,-537
15735,-952,-1280,-320,23,1379,-521
15740,-944,-1288,-336,-51,1364,-500
15745,-920,-1296,-272,-107,1349,-479
15750,-872,-1272,-352,-157,1335,-457
15755,-856,-1336,-216,-203,1319,-429
15760,-808,-1384,-216,-245,1300,-390
15765,-744,-1440,-144,-283,1283,-350
15770,-712,-1480,-88,-315,1267,-310
15775,-664,-1552,-88,-343,1241,-271
15780,-648,-1608,-80,-364,1207,-224
15785,-640,-1704,-56,-369,1179,-185
15790,-648,-1776,-104,-358,1146,-153
15795,-616,-1856,-104,-328,1104,-125
15800,-560,-1912,-96,-282,1060,-101
15805,-592,-1976,-96,-221,1021,-82
15810,-632,-1984,-24,-145,978,-67
15815,-664,-1984,0,-61,931,-56
15820,-704,-1952,0,23,890,-44
15825,-752,-1944,0,119,859,-31
15830,-856,-1928,-32,195,852,-19
15835,-904,-1904,-48,261,842,-9
15840,-792,-1920,-40,315,805,-13
15845,-760,-1888,-64,364,774,-20
15850,-784,-1816,-88,416,766,-28
15855,-880,-1784,-136,461,766,-29
15860,-944,-1776,-128,487,758,-27
15865,-1056,-1736,-176,495,728,-17
15870,-1120,-1752,-184,485,702,-14
15875,-1152,-1760,-248,472,675,-12
15880,-1096,-1800,-240,463,650,-16
15885,-1024,-1784,-248,459,628,-23
15890,-928,-1832,-240,457,613,-43
15895,-800,-1832,-232,456,601,-62
15900,-648,-1816,-152,456,596,-81
15905,-568,-1840,-144,449,606,-93
15910,-456,-1880,-168,420,618,-96
15915,-376,-1936,-184,370,626,-96
15920,-408,-2008,-160,306,639,-118
15925,-488,-2016,-96,245,648,-138
15930,-488,-2072,-64,200,631,-157
15935,-480,-2144,-16,176,603,-166
15940,-448,-2104,8,170,593,-171
15945,-416,-2096,72,188,599,-172
15950,-424,-2080,56,220,615,-174
15955,-424,-2056,48,245,628,-170
15960,-440,-2048,32,272,634,-169
15965,-512,-2016,16,303,631,-168
15970,-592,-2000,16,345,622,-166
15975,-704,-1952,16,393,606,-161
15980,-768,-1880,40,444,580,-161
15985,-848,-1808,16,485,550,-153
15990,-888,-1792,48,508,523,-145
15995,-936,-1728,40,513,511,-133
16000,-992,-1720,40,493,501,-125
16005,-1016,-1704,40,454,485,-110
16010,-1032,-1720,40,407,457,-99
16015,-1040,-1728,56,362,427,-85
16020,-1040,-1760,32,322,404,-70
16025,-1056,-1784,56,288,386,-50
16030,-1104,-1752,56,265,366,-29
16035,-1064,-1760,96,250,330,-10
16040,-1000,-1744,128,244,297,2
16045,-968,-1680,104,243,262,18
16050,-920,-1656,72,237,228,28
16055,-904,-1624,16,223,193,45
16060,-848,-1616,0,199,156,59
16065,-800,-1608,24,164,119,78
16070,-792,-1608,0,125,81,95
16075,-784,-1616,48,89,37,118
16080,-752,-1632,48,47,1,136
16085,-744,-1608,64,12,-33,153
16090,-752,-1632,80,-27,-65,165
16095,-752,-1624,96,-71,-91,177
16100,-776,-1632,128,-112,-109,184
16105,-792,-1632,152,-149,-125,195
16110,-784,-1632,152,-183,-144,203
16115,-744,-1680,120,-217,-170,210
16120,-752,-1640,136,-260,-205,211
16125,-712,-1712,136,-290,-228,210
16130,-696,-1688,32,-307,-253,206
16135,-760,-1768,136,-303,-285,201
16140,-760,-1776,184,-278,-325,194
16145,-768,-1800,240,-236,-371,186
16150,-768,-1784,256,-186,-420,176
16155,-784,-1712,296,-130,-470,163
16160,-880,-1664,328,-84,-529,149
16165,-904,-1632,344,-55,-582,138
16170,-960,-1568,312,-56,-642,127
16175,-952,-1552,360,-83,-705,112
16180,-920,-1568,336,-128,-764,91
16185,-872,-1560,392,-177,-813,65
16190,-832,-1624,376,-217,-850,38
16195,-784,-1656,472,-240,-876,11
16200,-744,-1680,456,-244,-897,-20
16205,-712,-1752,464,-224,-915,-54
16210,-688,-1720,536,-196,-929,-81
16215,-680,-1744,568,-167,-942,-110
16220,-656,-1704,560,-140,-961,-138
16225,-624,-1680,544,-121,-986,-169
16230,-600,-1672,496,-112,-1016,-198
16235,-584,-1688,472,-109,-1055,-226
16240,-528,-1704,432,-115,-1100,-248
16245,-528,-1656,432,-121,-1159,-273
16250,-576,-1680,408,-112,-1208,-289
16255,-616,-1664,424,-92,-1260,-300
16260,-632,-1648,448,-71,-1311,-298
16265,-632,-1624,448,-73,-1357,-297
16270,-632,-1648,448,-94,-1392,-293
16275,-624,-1680,496,-130,-1413,-286
16280,-624,-1712,496,-169,-1427,-280
16285,-624,-1736,528,-202,-1438,-281
16290,-632,-1792,488,-229,-1452,-286
16295,-632,-1872,496,-238,-1464,-293
16300,-672,-1960,408,-240,-1472,-290
16305,-680,-2000,472,-229,-1477,-291
16310,-688,-2048,464,-200,-1478,-288
16315,-720,-2080,448,-157,-1481,-292
16320,-752,-2072,408,-112,-1489,-294
16325,-760,-2096,400,-73,-1507,-310
16330,-760,-2056,328,-40,-1540,-335
16335,-736,-2016,232,-18,-1608,-358
16340,-720,-2000,232,-11,-1662,-361
16345,-720,-1968,176,0,-1690,-358
16350,-712,-1896,136,14,-1692,-349
16355,-728,-1896,120,29,-1681,-337
16360,-736,-1888,72,40,-1675,-320
16365,-792,-1904,8,45,-1683,-302
16370,-776,-1840,32,58,-1709,-275
16375,-792,-1792,8,81,-1748,-232
16380,-776,-1744,16,102,-1785,-188
16385,-744,-1680,32,108,-1821,-153
16390,-704,-1640,40,87,-1852,-117
16395,-656,-1648,-8,42,-1882,-91
16400,-712,-1696,32,-18,-1914,-66
16405,-600,-1696,-16,-77,-1946,-52
16410,-600,-1776,8,-126,-1975,-40
16415,-640,-1824,16,-153,-2003,-31
16420,-672,-1840,24,-160,-2030,-17
16425,-736,-1824,16,-147,-2050,-3
16430,-792,-1808,32,-131,-2073,8
16435,-760,-1752,24,-132,-2094,18
16440,-760,-1792,0,-152,-2115,27
16445,-736,-1816,-24,-196,-2133,30
16450,-696,-1888,0,-251,-2163,45
16455,-664,-2008,-8,-304,-2201,56
16460,-656,-2072,-32,-334,-2245,76
16465,-648,-2152,-16,-338,-2265,87
16470,-632,-2208,-8,-328,-2270,99
16475,-656,-2224,0,-302,-2263,113
16480,-640,-2216,-32,-265,-2257,138
16485,-608,-2208,-64,-227,-2261,164
16490,-552,-2192,-96,-191,-2272,195
16495,-560,-2192,-96,-160,-2279,227
16500,-520,-2152,-96,-135,-2284,266
16505,-456,-2120,-80,-118,-2287,288
16510,-472,-2120,-80,-108,-2284,297
16515,-432,-2080,-96,-107,-2273,296
16520,-440,-2056,-112,-109,-2257,297
16525,-416,-2088,-120,-115,-2250,300
16530,-408,-2128,-96,-119,-2253,305
16535,-360,-2128,-8,-113,-2261,315
16540,-272,-2128,24,-91,-2266,321
16545,-224,-2152,24,-52,-2262,311
16550,-128,-2160,16,-20,-2246,289
16555,-32,-2136,56,6,-2215,262
16560,40,-2144,72,36,-2166,230
16565,136,-2112,40,79,-2104,179
16570,176,-2064,24,110,-2048,123
16575,192,-2056,-40,118,-2002,128
16580,232,-2024,-120,111,-1957,168
16585,280,-2048,-216,87,-1910,210
16590,232,-2080,-288,38,-1845,227
16595,216,-2128,-344,-15,-1795,230
16600,152,-2200,-408,-68,-1756,214
16605,40,-2272,-376,-111,-1717,192
16610,-96,-2304,-408,-146,-1681,161
16615,-168,-2368,-408,-196,-1652,162
16620,-120,-2416,-416,-258,-1619,191
16625,-64,-2520,-344,-323,-1574,206
16630,56,-2600,-288,-395,-1503,219
16635,208,-2744,-168,-463,-1429,244
16640,304,-2912,-8,-475,-1350,275
16645,376,-3000,32,-433,-1276,316
16650,488,-3056,168,-334,-1207,350
16655,608,-3048,248,-185,-1131,367
16660,680,-2936,272,-4,-1046,368
16665,704,-2712,256,177,-964,353
16670,680,-2504,184,338,-891,310
16675,704,-2264,112,488,-815,259
16680,680,-2088,32,580,-749,200
16685,712,-1856,0,637,-678,140
16690,688,-1640,8,658,-601,72
16695,592,-1488,-16,646,-524,12
16700,512,-1376,32,595,-466,-38
16705,464,-1320,112,505,-427,-72
16710,408,-1336,136,396,-389,-102
16715,296,-1352,216,264,-361,-110
16720,208,-1408,264,168,-349,-102
16725,160,-1472,344,78,-343,-92
16730,136,-1536,360,3,-336,-81
16735,144,-1656,400,-63,-330,-56
16740,48,-1720,448,-119,-317,-40
16745,-32,-1848,448,-166,-306,-28
16750,-64,-1904,456,-192,-308,-20
16755,-16,-1992,528,-197,-324,-2
16760,-8,-2008,560,-179,-355,6
16765,32,-2008,600,-149,-381,20
16770,24,-2008,600,-119,-408,22
16775,8,-1968,552,-95,-437,30
16780,72,-1912,576,-73,-471,38
16785,64,-1872,536,-58,-505,50
16790,80,-1872,512,-62,-538,53
16795,64,-1832,488,-77,-567,60
16800,72,-1808,456,-98,-596,66
16805,72,-1832,432,-121,-613,72
16810,96,-1824,432,-139,-625,77
16815,104,-1832,472,-142,-637,85
16820,104,-1840,488,-136,-646,89
16825,160,-1848,480,-120,-656,95
16830,176,-1816,488,-99,-659,99
16835,136,-1848,504,-84,-655,101
16840,152,-1728,560,-81,-652,100
16845,232,-1720,512,-21,-672,146
16850,240,-1672,520,8,-674,163
16855,248,-1656,504,16,-664,188
16860,232,-1656,512,6,-651,202
16865,208,-1688,520,-16,-645,218
16870,216,-1712,528,-41,-644,223
16875,200,-1744,504,-63,-648,232
16880,216,-1680,360,-73,-653,239
16885,224,-1792,448,-77,-657,255
16890,264,-1792,432,-67,-657,264
16895,248,-1800,424,-51,-654,282
16900,224,-1784,408,-34,-653,296
16905,232,-1800,400,-26,-651,310
16910,216,-1816,440,-25,-650,324
16915,216,-1824,472,-29,-652,343
16920,208,-1832,480,-31,-658,361
16925,168,-1848,488,-29,-663,382
16930,216,-1832,488,-24,-670,399
16935,216,-1816,472,-22,-678,416
16940,200,-1840,440,-27,-682,431
16945,240,-1864,424,-35,-683,444
16950,208,-1896,432,-44,-681,455
16955,248,-1904,416,-50,-685,466
16960,248,-1920,384,-47,-688,481
16965,256,-1920,384,-36,-691,496
16970,256,-1904,392,-15,-697,514
16975,224,-1928,408,3,-702,526
16980,216,-1928,392,23,-708,540
16985,208,-1920,416,41,-714,548
16990,192,-1856,392,54,-717,552
16995,200,-1840,368,45,-712,550
17000,232,-1824,280,40,-707,566
17005,224,-1776,216,3,-710,569
17010,248,-1856,272,-70,-716,553
17015,320,-1968,272,-165,-743,526
17020,344,-2096,360,-246,-763,482
17025,352,-2184,352,-311,-763,434
17030,352,-2376,384,-357,-757,383
17035,376,-2552,360,-367,-759,321
17040,400,-2624,232,-350,-766,253
17045,432,-2720,112,-316,-763,185
17050,424,-2720,32,-259,-738,116
17055,400,-2640,16,-137,-689,72
17060,384,-2592,0,-6,-651,38
17065,368,-2440,0,108,-629,4
17070,264,-2264,48,189,-623,-19
17075,144,-2096,128,232,-623,-35
17080,-32,-1984,224,261,-627,-29
17085,-128,-1832,176,289,-636,-5
17090,-192,-1728,224,313,-646,33
17095,-280,-1600,200,327,-659,86
17100,-344,-1480,176,316,-676,139
17105,-384,-1424,160,277,-694,184
17110,-448,-1408,168,206,-713,226
17115,-512,-1376,248,113,-732,260
17120,-480,-1432,240,6,-752,290
17125,-480,-1512,280,-101,-767,311
17130,-408,-1584,288,-199,-781,335
17135,-360,-1712,320,-283,-790,354
17140,-248,-1808,328,-355,-802,366
17145,-152,-1912,312,-386,-812,374
17150,-80,-1976,360,-391,-819,384
17155,0,-1984,344,-383,-822,385
17160,0,-2024,392,-358,-816,389
17165,40,-2024,360,-326,-807,386
17170,56,-2024,392,-292,-793,387
17175,24,-2032,400,-263,-777,382
17180,0,-2000,408,-240,-756,385
17185,8,-1992,384,-227,-740,379
17190,200,-2016,408,-219,-724,379
17195,-64,-1872,480,-217,-743,375
17200,-80,-2000,448,-152,-671,436
17205,-168,-1928,504,-176,-617,378
17210,-128,-1920,496,-223,-621,349
17215,-184,-2000,536,-271,-610,328
17220,-144,-1984,520,-288,-561,328
17225,-128,-2008,448,-261,-520,336
17230,-184,-2032,464,-270,-478,317
17235,-176,-2080,472,-277,-438,304
17240,-208,-2104,448,-268,-395,297
17245,-192,-2176,472,-251,-357,280
17250,-152,-2168,464,-223,-325,270
17255,-160,-2208,384,-161,-320,291
17260,-208,-2152,496,-131,-299,275
17265,-48,-2080,456,-76,-287,271
17270,40,-2008,440,-21,-273,265
17275,64,-1984,472,15,-246,258
17280,32,-1920,464,51,-220,256
17285,40,-1816,480,85,-204,243
17290,40,-1768,488,96,-184,232
17295,-24,-1760,536,98,-162,223
17300,-64,-1720,528,97,-143,213
17305,-88,-1744,512,90,-133,197
17310,-120,-1728,520,67,-117,188
17315,-152,-1744,496,47,-100,186
17320,-208,-1824,464,23,-84,183
17325,-272,-1856,456,-5,-73,175
17330,-288,-1904,480,-35,-64,160
17335,-320,-1920,496,-51,-58,143
17340,-312,-1968,456,-57,-49,126
17345,-344,-1960,472,-52,-42,107
17350,-320,-1992,472,-35,-34,90
17355,-344,-1952,496,-19,-26,78
17360,-312,-1912,488,-3,-20,67
17365,-328,-1856,440,7,-10,57
17370,-296,-1840,488,10,1,47
17375,-256,-1784,472,7,14,39
17380,-264,-1736,456,1,25,32
17385,-240,-1712,472,-11,33,27
17390,-224,-1688,408,-30,42,15
17395,-216,-1680,440,-60,46,4
17400,-192,-1712,400,-85,49,-10
17405,-184,-1712,384,-107,51,-19
17410,-184,-1728,384,-123,55,-31
17415,-144,-1760,368,-138,57,-42
17420,-144,-1792,376,-150,59,-53
17425,-144,-1824,384,-162,64,-64
17430,-136,-1848,360,-169,66,-76
17435,-136,-1880,368,-174,67,-92
17440,-128,-1888,392,-169,66,-108
17445,-120,-1936,392,-163,67,-121
17450,-128,-1872,376,-154,73,-139
17455,-128,-1856,400,-142,79,-152
17460,-128,-1840,376,-129,84,-171
17465,-128,-1848,376,-116,84,-182
17470,-120,-1848,400,-106,90,-200
17475,-128,-1832,368,-103,97,-227
17480,-128,-1800,392,-102,101,-252
17485,-136,-1760,416,-102,97,-270
17490,-200,-1776,392,-110,90,-290
17495,-184,-1744,432,-124,82,-302
17500,-216,-1752,416,-144,82,-319
17505,-240,-1760,368,-179,79,-332
17510,-152,-1808,368,-226,70,-341
17515,-128,-1872,304,-282,56,-349
17520,-144,-1952,344,-335,49,-358
17525,-208,-2032,312,-335,53,-350
17530,-208,-2048,344,-314,54,-347
17535,-272,-2040,312,-282,51,-338
17540,-296,-2008,280,-247,46,-325
17545,-328,-1960,176,-229,31,-306
17550,-360,-1952,184,-232,12,-296
17555,-344,-1984,184,-252,-9,-283
17560,-352,-2000,136,-284,-36,-272
17565,-296,-2032,144,-321,-58,-256
17570,-224,-2048,152,-352,-75,-235
17575,-184,-2080,104,-376,-86,-213
17580,-72,-2096,152,-394,-87,-178
17585,-88,-2056,104,-391,-67,-133
17590,-112,-2056,56,-376,-42,-95
17595,-40,-2056,80,-374,-33,-54
17600,24,-2048,48,-380,-38,-33
17605,56,-2040,56,-377,-36,-20
17610,80,-2048,64,-370,-26,-19
17615,96,-2040,40,-360,-15,-19
17620,120,-2024,64,-350,-7,-21
17625,104,-2040,80,-341,2,-21
17630,112,-2048,112,-336,12,-29
17635,88,-2032,48,-329,20,-33
17640,80,-2016,80,-321,30,-43
17645,80,-2000,64,-311,41,-49
17650,80,-2000,72,-300,51,-55
17655,56,-2016,64,-290,59,-57
17660,16,-2008,96,-277,67,-61
17665,16,-1984,80,-264,72,-63
17670,0,-1984,96,-249,78,-66
17675,-40,-1960,96,-235,82,-64
17680,-32,-1944,88,-224,84,-67
17685,-40,-1936,112,-216,86,-63
17690,-72,-1936,96,-210,90,-63
17695,-32,-1928,112,-210,88,-64
17700,-24,-1936,144,-212,88,-66
17705,8,-1936,152,-212,85,-66
17710,8,-1936,144,-216,82,-69
17715,8,-1936,136,-219,80,-69
17720,24,-1968,144,-222,78,-67
17725,56,-1968,136,-223,78,-67
17730,72,-1992,112,-222,83,-65
17735,48,-1976,120,-222,86,-59
17740,72,-1984,96,-220,84,-54
17745,112,-1976,88,-217,84,-47
17750,104,-2000,112,-216,87,-41
17755,120,-1992,80,-213,91,-37
17760,80,-1992,88,-208,95,-33
17765,96,-1992,56,-201,98,-26
17770,96,-2000,40,-194,100,-22
17775,104,-1992,16,-188,109,-16
17780,64,-2000,48,-185,115,-11
17785,64,-1976,8,-189,120,-9
17790,24,-1992,-16,-199,122,-1
17795,32,-2024,0,-208,124,3
17800,40,-2040,0,-218,125,10
17805,64,-2104,88,-225,126,17
17810,24,-2072,0,-227,129,23
17815,48,-2080,-40,-222,131,30
17820,24,-2080,-32,-210,130,36
17825,8,-2072,16,-195,130,40
17830,-8,-2040,8,-183,127,41
17835,-16,-2048,8,-174,128,38
17840,8,-2040,0,-169,125,36
17845,0,-2056,0,-163,123,31
17850,0,-2048,8,-158,120,29
17855,16,-2048,24,-156,123,21
17860,8,-2056,40,-152,123,14
17865,40,-2056,8,-147,124,5
17870,40,-2056,0,-144,126,0
17875,16,-2072,8,-138,124,-10
17880,8,-2056,0,-123,124,-14
17885,8,-2080,0,-106,126,-22
17890,-8,-2072,24,-93,127,-25
17895,16,-2056,24,-82,126,-27
17900,48,-2088,48,-76,122,-24
17905,48,-2072,40,-73,123,-21
17910,152,-1984,200,-67,124,-13
17915,0,-2128,16,-55,121,-10
17920,-16,-2136,64,-34,119,-3
17925,24,-2144,64,-8,113,-1
17930,-24,-2112,72,14,106,2
17935,-16,-2080,72,32,99,-1
17940,-8,-2048,80,49,92,-1
17945,32,-2024,24,60,81,-7
17950,-8,-1984,40,63,72,-9
17955,56,-1984,16,61,69,-16
17960,40,-2024,16,57,65,-21
17965,72,-2016,16,54,65,-32
17970,40,-2000,0,56,68,-37
17975,0,-2000,0,57,74,-40
17980,32,-1960,8,57,73,-37
17985,-16,-1992,32,56,70,-35
17990,0,-1992,32,54,69,-29
17995,-32,-2008,32,56,68,-30
18000,-48,-1976,56,60,63,-27
18005,-64,-1984,64,64,57,-27
18010,-96,-2016,16,67,52,-24
18015,-104,-2032,80,62,37,-27
18020,-16,-1952,24,82,23,-32
18025,0,-1936,40,97,33,-37
18030,48,-1928,40,89,45,-29
18035,16,-1936,56,63,46,-22
18040,-48,-1984,64,46,46,-11
18045,-8,-2032,88,30,42,-1
18050,-16,-2016,40,26,33,4
18055,32,-2016,24,29,23,3
18060,56,-2000,48,36,20,0
18065,48,-1960,48,37,19,-7
18070,32,-1936,56,33,18,-10
18075,32,-1960,56,20,18,-10
18080,32,-1936,72,7,13,-8
18085,40,-1976,40,0,16,-7
18090,-32,-1984,72,-7,16,-6
18095,0,-2008,64,-5,15,-8
18100,-32,-1992,40,-5,13,-6
18105,-40,-2000,40,-3,10,-4
18110,-56,-1984,32,-1,5,-1
18115,-24,-2024,32,0,1,1
18120,-40,-2016,40,2,-2,5
18125,-8,-2024,24,5,-5,6
18130,-24,-2032,32,9,-8,6
18135,-48,-2008,16,13,-13,8
18140,-16,-1976,32,14,-17,9
18145,-48,-1984,32,14,-21,10
18150,-40,-1992,24,11,-22,8
18155,0,-1960,40,13,-26,7
18160,0,-1968,32,14,-28,4
18165,0,-1976,48,11,-27,2
18170,0,-1960,96,7,-28,1
18175,24,-2008,72,3,-27,2
18180,24,-1992,104,0,-27,1
18185,40,-2048,96,0,-26,2
18190,24,-2024,72,2,-26,1
18195,8,-1984,56,4,-25,5
18200,40,-2008,80,3,-25,5
18205,-8,-2000,72,-4,-24,10
18210,0,-2000,56,-7,-23,13
18215,0,-2000,64,-13,-23,18
18220,0,-1984,88,-16,-23,20
18225,16,-1992,64,-18,-21,22
18230,-8,-2000,56,-17,-21,21
18235,-16,-2000,64,-18,-24,23
18240,8,-1984,40,-15,-27,22
18245,-8,-2008,16,-11,-26,23
18250,48,-2016,48,-6,-26,20
18255,8,-2008,32,0,-24,19
18260,48,-1992,64,2,-24,13
18265,32,-1960,56,2,-20,12
18270,40,-1984,72,1,-20,4
18275,64,-2008,64,-2,-18,0
18280,-8,-2016,72,-6,-13,-5
18285,-40,-2048,48,-2,-18,-11
18290,0,-2016,32,24,-32,-23
18295,-8,-2008,24,39,-34,-24
18300,-16,-2024,40,42,-30,-28
18305,16,-2024,56,42,-32,-29
18310,56,-2032,56,50,-33,-33
18315,88,-2000,64,57,-21,-36
18320,112,-1992,112,53,-10,-39
18325,104,-2000,64,50,1,-45
18330,96,-2040,32,42,7,-52
18335,88,-2048,40,28,-3,-54
18340,96,-2112,56,17,-24,-67
18345,120,-2128,40,24,-56,-90
18350,160,-2192,80,48,-92,-127
18355,200,-2128,40,78,-133,-169
18360,200,-2120,56,104,-162,-211
18365,152,-2088,24,114,-168,-244
18370,160,-2128,0,103,-175,-278
18375,144,-2184,-56,64,-185,-299
18380,120,-2256,-152,19,-183,-317
18385,128,-2336,-184,-30,-181,-315
18390,200,-2440,-192,-60,-179,-309
18395,208,-2480,-240,-61,-159,-301
18400,200,-2528,-280,-32,-129,-298
18405,176,-2584,-256,14,-100,-282
18410,176,-2576,-184,73,-73,-245
18415,144,-2520,-144,174,-59,-226
18420,200,-2424,-96,270,-52,-203
18425,120,-2336,-88,353,-46,-170
18430,104,-2200,-24,408,-44,-132
18435,88,-2080,8,437,-47,-94
18440,96,-1952,32,452,-46,-69
18445,64,-1840,40,462,-44,-45
18450,112,-1776,88,464,-48,-12
18455,144,-1760,200,462,-54,18
18460,112,-1680,144,472,-57,29
18465,136,-1624,208,485,-66,42
18470,136,-1576,280,500,-77,67
18475,120,-1528,360,527,-81,92
18480,80,-1416,464,563,-84,111
18485,64,-1344,512,590,-93,134
18490,40,-1208,584,602,-109,160
18495,56,-1112,616,589,-145,203
18500,48,-1024,640,537,-191,247
18505,88,-960,616,463,-241,292
18510,184,-992,568,357,-298,335
18515,240,-1040,552,234,-350,375
18520,344,-1208,520,104,-388,401
18525,376,-1424,496,-16,-407,413
18530,360,-1552,464,-115,-411,413
18535,368,-1816,472,-197,-405,390
18540,328,-2024,424,-263,-395,353
18545,328,-2304,432,-287,-383,304
18550,352,-2496,440,-280,-364,251
18555,368,-2648,448,-245,-341,195
18560,360,-2688,272,-177,-311,139
18565,384,-2736,352,-85,-276,84
18570,392,-2720,312,28,-234,37
18575,416,-2616,272,149,-187,0
18580,392,-2464,264,261,-121,-31
18585,376,-2288,256,365,-63,-50
18590,360,-2096,200,427,-8,-55
18595,312,-1944,160,455,41,-57
18600,304,-1816,176,452,83,-52
18605,240,-1672,152,421,118,-47
18610,256,-1568,144,371,145,-36
18615,232,-1544,96,308,164,-23
18620,176,-1536,64,246,179,1
18625,168,-1568,48,179,187,18
18630,144,-1592,112,130,190,37
18635,96,-1640,168,91,193,49
18640,64,-1688,168,61,198,62
18645,0,-1760,256,32,201,66
18650,-16,-1808,288,6,204,70
18655,-48,-1896,336,-15,202,69
18660,-80,-1968,368,-27,197,66
18665,-112,-2000,352,-28,190,56
18670,-128,-2032,392,-16,183,50
18675,-136,-2048,368,5,175,39
18680,-184,-2016,344,29,167,35
18685,-160,-2032,312,55,160,30
18690,-224,-1984,296,80,154,32
18695,-192,-1992,288,97,146,33
18700,-272,-1952,280,108,135,41
18705,-264,-1960,264,114,122,50
18710,-312,-1936,248,116,100,63
18715,-336,-1968,272,113,79,70
18720,-368,-1992,272,109,55,81
18725,-360,-2016,264,102,28,86
18730,-344,-2024,272,94,2,94
18735,-360,-2048,280,92,-22,96
18740,-336,-2056,304,91,-44,99
18745,-360,-2048,344,94,-66,98
18750,-320,-2032,328,100,-88,102
18755,-296,-2032,320,107,-104,104
18760,-264,-2016,296,110,-121,112
18765,-256,-1968,272,108,-136,116
18770,-248,-1920,280,100,-147,121
18775,-184,-1880,256,88,-160,121
18780,-144,-1880,240,73,-173,125
18785,-128,-1880,224,54,-187,123
18790,-112,-1888,184,33,-200,124
18795,-104,-1888,184,18,-209,121
18800,-72,-1928,168,7,-218,119
18805,-80,-1920,176,0,-222,115
18810,-64,-1936,168,-4,-223,113
18815,-40,-1944,184,-9,-221,110
18820,-16,-1968,208,-14,-216,110
18825,-48,-1952,216,-18,-212,109
18830,-24,-1976,240,-20,-209,110
18835,-72,-1976,312,-19,-199,109
18840,-24,-2000,216,-15,-188,111
18845,-32,-2016,264,-9,-177,109
18850,-40,-2016,304,-3,-167,107
18855,-64,-2000,264,4,-160,104
18860,-48,-1976,264,10,-151,99
18865,-48,-1976,320,10,-141,92
18870,-40,-1952,296,7,-131,90
18875,-24,-1952,288,1,-118,86
18880,0,-1912,256,-10,-106,83
18885,8,-1912,248,-22,-94,81
18890,24,-1904,264,-32,-82,78
18895,24,-1888,208,-45,-69,72
18900,16,-1872,200,-60,-54,69
18905,56,-1904,184,-75,-42,64
18910,48,-1920,224,-88,-33,60
18915,40,-1952,184,-97,-24,56
18920,40,-1952,176,-104,-12,50
18925,56,-2000,168,-107,-1,47
18930,64,-1992,176,-106,11,40
18935,32,-2016,184,-103,24,35
18940,24,-2016,192,-92,36,33
18945,32,-2040,200,-80,47,30
18950,16,-2016,208,-67,56,28
18955,-32,-1976,232,-56,63,27
18960,-48,-1992,216,-51,68,24
18965,-72,-1976,224,-50,71,23
18970,-88,-1944,208,-51,72,18
18975,-112,-1944,232,-54,71,16
18980,-104,-1952,208,-54,67,10
18985,-120,-1944,224,-57,63,10
18990,-120,-1952,208,-60,61,6
18995,-112,-1936,248,-63,58,7
19000,-104,-1952,256,-67,54,3
19005,-120,-1976,240,-68,45,6
19010,-136,-1976,248,-69,39,4
19015,-136,-1992,248,-70,33,9
19020,-112,-1984,216,-72,28,9
19025,-128,-1984,248,-73,24,13
19030,-120,-1992,208,-73,18,14
19035,-120,-1992,248,-70,15,18
19040,-112,-1968,288,-66,13,18
19045,-112,-1952,224,-60,11,23
19050,-72,-1936,248,-59,11,19
19055,-104,-1936,232,-57,10,24
19060,-64,-1928,264,-59,10,22
19065,-56,-1952,248,-68,13,22
19070,-72,-1976,256,-74,12,19
19075,-40,-1952,240,-77,14,19
19080,-40,-1968,208,-76,17,15
19085,-24,-1960,192,-77,21,14
19090,-40,-1952,216,-73,24,8
19095,-16,-1960,232,-71,26,8
19100,-40,-1960,216,-67,30,4
19105,48,-2016,296,-64,37,3
19110,-32,-1960,232,-63,42,-2
19115,-32,-1968,208,-62,48,0
19120,-24,-1976,248,-65,55,-3
19125,-32,-2024,240,-68,59,-4
19130,-32,-1984,216,-65,62,-8
19135,-32,-2000,248,-60,66,-10
19140,-56,-1984,216,-56,69,-14
19145,-48,-1992,248,-55,71,-15
19150,-48,-1984,240,-56,74,-18
19155,-32,-1984,216,-54,75,-18
19160,-56,-1952,232,-51,75,-22
19165,-48,-1952,224,-48,75,-19
19170,-48,-1936,224,-49,75,-20
19175,-40,-1944,232,-54,77,-17
19180,-56,-1928,240,-60,80,-15
19185,-48,-1936,240,-65,80,-14
19190,-40,-1952,272,-69,82,-12
19195,-32,-1976,256,-74,81,-10
19200,-40,-1952,240,-77,83,-8
19205,-40,-1992,256,-79,83,-6
19210,-40,-1984,256,-79,85,-7
19215,-40,-1976,216,-80,87,-6
19220,-40,-1984,224,-82,86,-8
19225,-56,-1992,232,-83,87,-9
19230,-16,-1968,208,-82,87,-11
19235,-24,-1960,208,-82,92,-11
19240,-24,-1952,248,-82,96,-13
19245,-40,-1960,192,-83,100,-15
19250,-24,-1960,224,-86,103,-18
19255,-8,-1936,208,-91,105,-19
19260,-40,-1936,192,-97,108,-19
19265,-24,-1952,200,-99,111,-19
19270,16,-1976,192,-101,116,-18
19275,-32,-1960,176,-100,120,-18
19280,-8,-1984,184,-98,120,-20
19285,16,-2008,216,-95,122,-22
19290,8,-2000,168,-91,124,-25
19295,16,-1992,184,-86,128,-28
19300,24,-1992,184,-81,132,-29
19305,24,-1976,200,-84,135,-34
19310,-8,-1968,168,-86,140,-37
19315,16,-2000,184,-90,146,-38
19320,0,-2008,160,-95,149,-40
19325,8,-1984,192,-102,153,-43
19330,32,-1992,184,-107,155,-43
19335,24,-2000,160,-110,158,-42
19340,24,-1976,160,-113,166,-42
19345,40,-2016,168,-112,174,-43
19350,32,-1952,176,-108,183,-45
19355,0,-1968,168,-102,189,-48
19360,32,-1976,192,-94,195,-49
19365,-8,-1952,136,-89,199,-52
19370,0,-1936,128,-87,202,-54
19375,-8,-1944,160,-85,205,-58
19380,24,-1968,224,-86,209,-57
19385,-24,-1984,160,-84,213,-59
19390,-40,-1960,192,-80,216,-59
19395,-24,-1968,184,-79,218,-60
19400,-64,-1976,152,-80,220,-56
19405,-56,-1960,192,-86,221,-56
19410,-32,-1984,184,-89,223,-54
19415,-40,-1968,184,-90,228,-55
19420,-16,-1992,216,-91,233,-54
19425,-16,-1992,176,-91,236,-56
19430,-16,-2000,184,-90,238,-55
19435,-8,-1976,184,-89,238,-60
19440,8,-1984,176,-84,240,-58
19445,16,-2000,184,-79,241,-61
19450,32,-1984,160,-76,241,-60
19455,24,-1984,160,-74,243,-63
19460,0,-1984,168,-74,245,-62
19465,24,-1984,144,-75,245,-65
19470,0,-1984,176,-76,245,-63
19475,0,-2000,168,-76,246,-67
19480,-24,-2000,184,-74,246,-65
19485,16,-1952,128,-70,246,-68
19490,-32,-2000,168,-66,246,-66
19495,-32,-2008,176,-63,245,-68
19500,-48,-2000,152,-61,243,-65
19505,-32,-1976,136,-58,241,-66
19510,-24,-2000,184,-56,237,-63
19515,-40,-1976,160,-54,235,-63
19520,-40,-1976,192,-54,233,-60
19525,-16,-1984,184,-54,233,-59
19530,-40,-1960,128,-54,230,-56
19535,-40,-1944,192,-53,230,-56
19540,-24,-1976,128,-56,230,-51
19545,-32,-1976,160,-60,231,-50
19550,-40,-1960,152,-63,227,-46
19555,-24,-1976,152,-66,224,-45
19560,-8,-2000,144,-66,224,-44
19565,-16,-1968,160,-64,222,-45
19570,-16,-1968,168,-63,220,-43
19575,-16,-1960,152,-65,220,-44
19580,-16,-1976,136,-66,219,-43
19585,-32,-1984,152,-67,215,-45
19590,-16,-1960,160,-68,213,-42
19595,0,-1992,128,-68,210,-41
19600,-24,-1992,152,-67,211,-39
19605,-16,-1992,128,-66,210,-39
19610,-24,-1984,152,-64,208,-37
19615,0,-1968,144,-63,203,-37
19620,-32,-2000,152,-60,201,-34
19625,-16,-1976,136,-56,197,-35
19630,-16,-1984,136,-52,194,-34
19635,-32,-1952,144,-49,190,-33
19640,-8,-1992,144,-49,187,-35
19645,-8,-2000,112,-50,184,-37
19650,8,-2008,240,-48,181,-38
19655,0,-1968,160,-50,175,-39
19660,-8,-1960,160,-54,171,-41
19665,-24,-1960,144,-58,166,-40
19670,-24,-1968,160,-68,165,-44
19675,8,-1960,120,-76,154,-45
19680,16,-1976,104,-64,148,-33
19685,-40,-1968,96,-63,151,-33
19690,-8,-1992,96,-64,148,-32
19695,-8,-1992,120,-63,145,-30
19700,-16,-2008,128,-61,142,-29
19705,-8,-2008,104,-57,137,-27
19710,-8,-1992,128,-52,135,-25
19715,-8,-1976,136,-50,132,-23
19720,-8,-2000,136,-50,127,-25
19725,-16,-1968,136,-48,124,-24
19730,8,-1984,104,-49,121,-28
19735,-40,-1992,128,-54,119,-30
19740,16,-1968,112,-59,114,-31
19745,16,-1976,152,-60,111,-31
19750,-8,-1984,136,-66,111,-31
19755,8,-1984,112,-66,109,-29
19760,8,-1976,136,-66,108,-26
19765,-24,-1960,128,-65,106,-22
19770,-32,-2000,120,-66,103,-26
19775,-24,-2016,168,-68,100,-25
19780,-40,-2000,160,-69,95,-31
19785,8,-2000,144,-67,87,-28
19790,-16,-1976,104,-59,87,-29
19795,-8,-1984,112,-52,87,-27
19800,-16,-1984,128,-42,84,-23
19805,8,-1944,112,-40,82,-16
19810,8,-1968,144,-41,83,-15
19815,24,-1968,104,-43,81,-9
19820,8,-1968,144,-43,79,-10
19825,8,-1976,144,-43,78,-5
19830,16,-1944,136,-45,78,-6
19835,-8,-1936,128,-48,78,-1
19840,16,-1976,120,-54,78,-4
19845,-8,-1984,128,-59,79,1
19850,0,-2024,112,-67,78,-1
19855,8,-1984,120,-74,79,1
19860,0,-1992,136,-75,77,-3
19865,-8,-2000,160,-75,76,-3
19870,8,-2016,128,-78,75,-8
19875,16,-2032,128,-79,74,-7
19880,32,-2056,96,-75,74,-11
19885,40,-2032,136,-70,79,-10
19890,24,-2000,128,-64,85,-14
19895,24,-1992,96,-55,87,-11
19900,16,-1992,96,-48,92,-16
19905,24,-1968,112,-42,93,-14
19910,24,-1984,96,-39,94,-15
19915,-16,-1936,112,-39,93,-13
19920,-8,-1952,96,-40,90,-16
19925,72,-1976,136,-44,88,-17
19930,-16,-1968,88,-45,84,-20
19935,-16,-1976,136,-46,78,-18
19940,-24,-2000,96,-49,75,-20
19945,-24,-1992,136,-51,70,-18
19950,-64,-2048,128,-50,64,-20
19955,-80,-2024,128,-46,59,-21
19960,-48,-2040,136,-40,53,-19
19965,-72,-2040,128,-31,50,-19
19970,-80,-2024,120,-21,44,-21
19975,-56,-2008,88,-14,40,-20
19980,-56,-1984,72,-8,39,-20
19985,-48,-2000,104,-3,38,-21
19990,-48,-1976,72,2,32,-23
19995,-16,-1944,56,8,29,-22
20000,8,-1968,48,11,27,-22
20005,0,-1952,48,14,28,-21
20010,8,-1976,88,15,32,-22
20015,48,-1976,72,16,33,-23
20020,32,-1976,56,14,35,-26
20025,24,-1960,72,11,40,-28
20030,0,-1976,64,7,45,-27
20035,64,-2016,96,5,52,-29
20040,56,-2000,120,6,57,-31
20045,56,-2008,96,7,66,-33
20050,80,-2008,112,9,72,-34
20055,64,-2024,96,10,77,-36
20060,40,-2000,80,11,83,-34
20065,32,-2016,88,13,89,-35
20070,48,-2024,88,16,95,-37
20075,64,-1984,112,20,98,-38
20080,40,-1976,80,21,104,-38
20085,40,-1976,120,22,109,-41
20090,64,-1952,96,19,112,-43
20095,40,-1952,96,19,118,-44
20100,80,-1976,96,13,124,-43
20105,32,-1952,96,7,134,-44
20110,48,-1984,88,0,138,-45
20115,24,-1960,96,-6,144,-47
20120,72,-1992,64,-13,148,-47
20125,40,-1968,96,-17,151,-47
20130,56,-1992,96,-18,157,-48
20135,56,-1984,80,-17,160,-49
20140,64,-2008,104,-16,164,-48
20145,64,-2016,120,-14,169,-52
20150,64,-1992,96,-15,170,-49
20155,40,-1984,112,-14,173,-52
20160,40,-1992,80,-12,176,-52
20165,32,-1984,104,-12,175,-54
20170,16,-2000,112,-10,175,-53
20175,16,-2008,80,-10,175,-54
20180,24,-2008,80,-9,175,-51
20185,8,-2032,120,-10,175,-51
20190,-8,-2000,88,-10,173,-50
20195,8,-2000,72,-9,172,-52
20200,-8,-2008,96,-8,167,-49
20205,32,-1992,88,-7,167,-50
20210,-8,-1992,120,-4,166,-46
20215,-24,-2008,112,-3,165,-47
20220,-16,-1976,80,-3,162,-44
20225,32,-2000,104,-3,160,-45
20230,16,-2000,64,-5,160,-43
20235,32,-1968,88,-10,158,-43
20240,24,-2000,104,-14,158,-41
20245,16,-1976,96,-17,157,-42
20250,8,-1984,72,-15,157,-39
20255,24,-1960,56,-13,156,-40
20260,48,-1992,104,-10,157,-38
20265,24,-1968,80,-12,157,-41
20270,24,-1968,96,-14,159,-39
20275,40,-1936,128,-16,158,-44
20280,40,-1960,96,-18,159,-43
20285,24,-1952,88,-23,160,-47
20290,64,-1992,96,-29,160,-46
20295,16,-1960,112,-35,160,-49
20300,24,-1984,104,-39,161,-48
20305,32,-1984,112,-43,162,-50
20310,32,-1984,80,-46,164,-50
20315,40,-2000,96,-47,170,-50
20320,40,-2000,112,-47,171,-49
20325,24,-2008,80,-43,173,-51
20330,32,-2016,112,-39,175,-50
20335,40,-2024,72,-34,177,-53
20340,32,-2008,104,-29,179,-51
20345,16,-1976,88,-26,181,-53
20350,40,-1984,120,-22,183,-51
20355,48,-1960,72,-24,185,-54
20360,24,-1952,72,-25,184,-52
20365,56,-1952,80,-30,187,-54
20370,32,-1976,104,-34,189,-53
20375,40,-1976,112,-38,189,-55
20380,16,-1984,112,-41,190,-54
20385,16,-1968,80,-45,189,-54
20390,24,-2000,112,-45,185,-51
20395,0,-2008,120,-45,184,-51
20400,-8,-2000,112,-41,182,-49
20405,8,-1984,128,-41,180,-49
20410,-8,-2008,104,-40,178,-47
20415,-16,-1992,128,-41,177,-47
20420,-8,-1992,88,-41,176,-45
20425,16,-2008,72,-42,174,-44
20430,8,-2000,64,-41,172,-43
20435,40,-2000,144,-41,172,-42
20440,24,-1992,72,-41,167,-42
20445,24,-1984,80,-42,166,-40
20450,8,-1992,96,-41,164,-41
20455,24,-2000,96,-44,163,-39
20460,40,-2000,120,-44,165,-37
20465,48,-2000,72,-45,163,-36
20470,16,-1936,16,-43,163,-36
20475,48,-1984,96,-42,163,-35
20480,56,-2008,96,-41,162,-37
20485,24,-2000,96,-39,163,-36
20490,16,-1984,128,-37,162,-37
20495,8,-2000,104,-39,161,-38
20500,24,-1976,80,-41,157,-40
20505,32,-2000,136,-42,156,-39
20510,16,-1992,112,-43,154,-39
20515,16,-2000,112,-44,151,-37
20520,24,-2016,120,-46,151,-38
20525,24,-2000,120,-47,149,-35
20530,16,-1984,96,-47,149,-35
20535,8,-1976,120,-49,148,-32
20540,8,-1976,120,-50,148,-33
20545,24,-1984,104,-50,146,-29
20550,40,-1992,120,-49,145,-31
20555,8,-2016,120,-46,147,-27
20560,48,-2016,112,-43,149,-29
20565,40,-2000,96,-41,152,-28
20570,48,-1992,80,-37,152,-31
20575,-8,-1992,88,-37,154,-30
20580,32,-1976,112,-36,157,-34
20585,48,-1984,136,-36,159,-32
20590,48,-1984,88,-38,161,-36
20595,48,-1960,88,-41,163,-36
20600,72,-1968,88,-41,167,-39
20605,48,-1968,96,-41,170,-40
20610,64,-1976,96,-42,172,-42
20615,24,-1968,88,-45,174,-40
20620,48,-1976,96,-48,174,-41
20625,24,-1968,144,-48,175,-37
20630,24,-1984,112,-49,174,-39
20635,40,-2008,112,-50,174,-36
20640,24,-2032,88,-49,171,-38
20645,24,-2032,104,-49,170,-35
20650,32,-2032,128,-47,167,-37
20655,16,-2048,104,-43,165,-34
20660,8,-2040,104,-36,164,-35
20665,8,-2024,96,-30,162,-34
20670,48,-1992,96,-23,159,-35
20675,40,-2000,96,-18,157,-30
20680,40,-2024,136,-12,155,-31
20685,16,-1968,112,-9,155,-27
20690,8,-1960,104,-9,153,-26
20695,16,-1952,104,-6,151,-22
20700,32,-1952,96,-8,150,-22
20705,16,-1944,112,-12,151,-20
20710,56,-1976,80,-19,149,-22
20715,48,-1960,112,-24,148,-19
20720,48,-2024,128,-28,147,-23
20725,48,-2016,104,-26,144,-22
20730,48,-2024,112,-23,144,-26
20735,56,-2016,128,-16,144,-26
20740,56,-2000,104,-11,143,-29
20745,56,-2000,96,-6,143,-28
20750,40,-1976,112,-4,142,-30
20755,56,-1992,128,-1,141,-29
20760,40,-1968,120,-1,140,-31
20765,16,-1984,144,0,139,-29
20770,40,-1976,120,1,139,-31
20775,40,-2008,112,0,137,-29
20780,24,-1968,136,0,136,-28
20785,24,-1960,120,-1,135,-26
20790,40,-1976,96,-3,136,-23
20795,40,-1968,128,-6,136,-21
20800,24,-1992,152,-8,135,-20
20805,8,-1968,120,-6,133,-19
20810,32,-1984,120,-5,130,-21
20815,48,-1976,80,-4,128,-19
20820,48,-2000,96,-5,127,-19
20825,40,-1984,120,-6,126,-18
20830,24,-1976,128,-10,124,-18
20835,64,-1984,128,-11,123,-17
20840,56,-1960,136,-13,120,-17
20845,56,-1984,104,-13,119,-17
20850,0,-1944,168,-14,119,-18
20855,64,-2008,120,-15,116,-19
20860,48,-2008,112,-16,115,-18
20865,40,-1992,96,-15,113,-19
20870,32,-2000,96,-14,109,-19
20875,32,-2008,128,-12,107,-20
20880,32,-1992,104,-11,107,-18
20885,24,-2000,88,-10,105,-17
20890,-48,-2048,248,-11,103,-16
20895,88,-2008,112,-9,102,-16
20900,48,-1984,128,-9,98,-14
20905,40,-1968,96,-9,96,-13
20910,32,-2000,80,-9,92,-10
20915,56,-1992,120,-8,91,-11
20920,48,-1992,72,-8,90,-11
20925,56,-1992,80,-8,88,-12
20930,64,-2000,88,-8,86,-11
20935,40,-2000,80,-8,83,-12
20940,40,-1984,80,-10,83,-12
20945,56,-2008,80,-7,83,-13
20950,56,-1992,104,-5,82,-11
20955,48,-1984,88,-4,80,-14
20960,48,-2000,80,-3,80,-13
20965,88,-2008,136,-2,79,-14
20970,56,-1984,96,-2,79,-13
20975,40,-2008,104,0,78,-14
20980,40,-1976,104,0,76,-13
20985,64,-1976,96,1,76,-14
20990,40,-1960,104,-2,75,-12
20995,56,-1968,96,-4,73,-13
21000,64,-1976,96,-7,71,-10
21005,56,-1984,104,-10,70,-11
21010,40,-1976,112,-12,69,-9
21015,80,-1992,104,-14,69,-10
21020,104,-1984,104,-16,68,-8
21025,64,-1992,112,-15,68,-10
21030,64,-1968,72,-16,68,-7
21035,64,-2000,96,-17,69,-10
21040,64,-1976,104,-16,69,-7
21045,32,-1984,72,-15,69,-9
21050,72,-1984,88,-13,72,-9
21055,72,-1976,80,-10,71,-11
21060,32,-1984,112,-9,72,-8
21065,40,-1992,112,-8,71,-11
21070,48,-1968,120,-10,70,-8
21075,64,-1976,96,-13,68,-9
21080,80,-1984,96,-16,67,-7
21085,56,-2000,136,-17,65,-10
21090,56,-1968,120,-20,63,-7
21095,56,-1976,96,-20,63,-9
21100,32,-1976,128,-22,60,-7
21105,40,-1976,136,-22,60,-8
21110,40,-1968,104,-21,59,-7
21115,80,-1984,144,-19,59,-8
21120,32,-2040,224,-18,59,-7
21125,64,-1960,104,-17,59,-8
21130,72,-1968,80,-16,60,-7
21135,64,-1992,88,-17,58,-7
21140,48,-1976,104,-19,57,-3
21145,56,-1984,112,-23,57,-2
21150,56,-1976,120,-28,58,0
21155,56,-2016,112,-31,60,0
21160,64,-1992,112,-34,62,0
21165,64,-2008,120,-33,61,-1
21170,48,-2016,112,-34,63,-1
21175,64,-2000,72,-30,64,-1
21180,80,-2024,96,-27,63,-2
21185,72,-2000,96,-24,64,-3
21190,80,-2000,64,-22,65,-5
21195,80,-2000,40,-16,66,-8
21200,80,-2016,72,-14,65,-10
21205,64,-1992,88,-11,67,-12
21210,56,-2008,112,-9,67,-12
21215,80,-2000,80,-8,66,-10
21220,56,-1976,88,-7,66,-11
21225,56,-1992,48,-3,65,-10
21230,64,-1984,64,0,64,-10
21235,48,-1992,96,2,64,-11
21240,32,-2000,96,3,63,-9
21245,40,-2000,72,1,62,-7
21250,48,-1992,80,2,62,-6
21255,32,-1976,64,1,62,-3
21260,64,-1968,120,-3,60,-4
21265,40,-1984,128,-5,60,0
21270,56,-1968,96,-8,57,0
21275,88,-1992,96,-13,58,0
21280,56,-1968,104,-15,56,0
21285,48,-1984,112,-18,55,1
21290,40,-2000,80,-18,55,-1
21295,48,-1992,112,-18,54,1
21300,72,-2016,112,-17,52,-2
21305,88,-2008,112,-14,52,-1
21310,72,-2008,96,-12,54,-2
21315,40,-1992,104,-12,54,-2
21320,48,-1992,88,-11,54,-3
21325,40,-1976,104,-12,55,0
21330,40,-1976,104,-12,54,-3
21335,48,-2000,96,-13,54,-2
21340,72,-1976,72,-11,55,-4
21345,56,-1992,136,-11,53,-3
21350,40,-2000,96,-11,53,-4
21355,48,-1968,88,-12,52,0
21360,72,-1984,120,-12,52,0
21365,32,-1968,104,-14,53,2
21370,72,-1976,152,-18,51,-1
21375,56,-1984,88,-20,50,2
21380,48,-1968,120,-22,51,0
21385,64,-1984,120,-24,51,4
21390,56,-2016,120,-25,51,2
21395,96,-2016,224,-26,51,4
21400,64,-1984,112,-27,52,1
21405,72,-1984,136,-29,51,3
21410,80,-2000,88,-32,51,-1
21415,64,-1992,104,-36,54,2
21420,56,-1992,128,-37,55,-1
21425,80,-1992,112,-38,55,-1
21430,80,-1984,120,-39,56,-5
21435,96,-2024,104,-38,56,-5
21440,64,-2024,80,-36,55,-8
21445,88,-2016,64,-35,53,-7
21450,64,-1984,64,-34,55,-8
21455,56,-2008,56,-29,56,-7
21460,80,-1976,48,-28,57,-8
21465,72,-1976,40,-27,58,-3
21470,72,-1984,64,-25,61,-3
21475,64,-1984,56,-21,64,1
21480,72,-1992,56,-16,68,-1
21485,72,-2016,64,-16,69,2
21490,72,-2000,72,-13,71,0
21495,64,-2024,56,-12,72,1
21500,72,-2016,48,-8,75,-2
21505,80,-2016,72,-4,77,-2
21510,88,-2008,56,-1,81,-7
21515,112,-2032,88,1,85,-7
21520,120,-2032,80,4,87,-11
21525,88,-2048,48,7,90,-13
21530,88,-2024,96,12,91,-14
21535,88,-2024,80,19,95,-15
21540,80,-1984,80,28,96,-14
21545,72,-1960,56,33,99,-15
21550,72,-1952,72,35,103,-14
21555,88,-1952,80,33,107,-13
21560,80,-1952,80,30,109,-14
21565,88,-1976,64,25,114,-13
21570,72,-1960,64,19,118,-13
21575,72,-1968,120,16,121,-14
21580,80,-1992,96,12,125,-17
21585,88,-2000,104,9,127,-19
21590,120,-2008,128,10,130,-21
21595,72,-2008,112,8,133,-24
21600,80,-1992,80,8,136,-25
21605,88,-1968,128,5,140,-27
21610,80,-1992,112,3,141,-27
21615,80,-1992,88,3,142,-28
21620,56,-1976,128,0,144,-27
21625,64,-1968,120,1,144,-28
21630,40,-1976,112,-3,145,-28
21635,40,-1928,120,-7,144,-27
21640,64,-1944,160,-12,142,-23
21645,64,-1976,128,-17,141,-23
21650,24,-1928,160,-21,139,-20
21655,48,-1960,136,-24,137,-19
21660,32,-1936,128,-28,134,-16
21665,48,-1936,128,-36,128,-16
21670,0,-1936,144,-43,126,-13
21675,16,-1984,152,-50,119,-13
21680,8,-1968,120,-55,116,-11
21685,16,-1976,112,-56,111,-12
21690,-8,-1984,120,-53,107,-10
21695,8,-1976,128,-49,102,-10
21700,8,-1968,128,-44,95,-8
21705,24,-1984,104,-41,92,-9
21710,8,-1960,128,-40,88,-4
21715,0,-1976,112,-44,87,-5
21720,24,-1976,152,-48,80,-2
21725,-16,-1984,112,-55,76,-3
21730,32,-2000,96,-61,71,0
21735,48,-2024,88,-65,67,-2
21740,32,-2024,96,-65,63,0
21745,16,-2016,96,-62,58,-2
21750,40,-2008,72,-52,57,0
21755,40,-2016,88,-45,56,-4
21760,24,-2008,80,-39,55,-2
21765,32,-2000,88,-35,56,-4
21770,40,-1968,72,-32,56,-2
21775,56,-1992,56,-31,55,-3
21780,48,-1992,80,-30,54,0
21785,40,-1984,80,-27,53,0
21790,40,-2008,80,-21,51,1
21795,32,-2008,96,-17,48,0
21800,24,-2008,112,-13,46,2
21805,24,-2008,112,-8,44,-1
21810,16,-2016,104,0,42,1
21815,16,-1992,88,7,39,-1
21820,8,-2024,96,16,39,3
21825,8,-1992,64,21,37,0
21830,16,-1992,104,25,35,3
21835,8,-2000,72,25,33,2
21840,0,-1984,120,23,31,6
21845,0,-1968,112,21,29,3
21850,16,-1976,128,17,27,7
21855,48,-2000,104,14,25,6
21860,32,-1992,96,13,23,6
21865,16,-1960,128,12,19,4
21870,8,-1984,120,11,18,6
21875,24,-1960,128,7,14,5
21880,24,-1968,136,2,12,6
21885,48,-1976,120,0,11,6
21890,16,-1992,112,-5,8,9
21895,0,-1984,96,-7,5,9
21900,8,-1992,120,-8,3,13
21905,16,-1968,112,-7,1,14
21910,16,-2000,144,-3,-1,16
21915,8,-1984,104,-2,-3,16
21920,16,-1968,120,-4,-7,19
21925,0,-1968,104,-5,-9,21
21930,24,-1960,136,-9,-13,23
21935,-16,-1952,112,-12,-16,21
21940,-16,-1952,96,-15,-19,23
21945,40,-2000,104,-20,-22,22
21950,48,-2024,128,-22,-23,23
21955,32,-2016,112,-20,-27,23
21960,24,-2000,112,-19,-33,22
21965,40,-2000,96,-17,-38,21
21970,32,-2008,80,-16,-42,21
21975,40,-2008,72,-16,-44,22
21980,48,-2016,120,-13,-42,24
21985,16,-1992,112,-12,-46,23
21990,24,-1984,72,-8,-46,25
21995,32,-1976,104,-3,-46,27
22000,32,-1968,112,-3,-47,27
22005,32,-1992,72,-5,-47,30
22010,56,-2000,88,-5,-48,29
22015,64,-2008,48,-5,-49,30
22020,80,-2016,56,-4,-51,30
22025,56,-2000,128,0,-52,31
22030,56,-2000,96,0,-51,29
22035,72,-2000,48,0,-52,29
22040,32,-2000,88,0,-52,25
22045,8,-1968,56,1,-54,26
22050,40,-2000,40,3,-53,25
22055,64,-2008,96,5,-54,26
22060,48,-1992,64,9,-52,23
22065,64,-2008,64,10,-51,26
22070,56,-1976,64,10,-52,26
22075,56,-1976,56,12,-51,27
22080,72,-2000,48,12,-49,26
22085,88,-1968,80,9,-49,29
22090,72,-1992,64,8,-47,27
22095,80,-1976,80,6,-41,28
22100,48,-2000,72,5,-38,26
22105,80,-1976,80,3,-34,26
22110,96,-1992,64,3,-28,22
22115,88,-1984,144,4,-24,23
22120,112,-1992,120,2,-19,18
22125,88,-2000,72,3,-11,18
22130,88,-1992,96,1,-5,14
22135,80,-1976,104,0,2,13
22140,112,-2000,80,-1,8,9
22145,112,-1968,104,-2,14,11
22150,88,-1960,112,-6,19,7
22155,88,-1968,120,-9,25,7
22160,64,-1960,104,-11,30,4
22165,104,-1976,112,-12,37,6
22170,112,-1984,96,-15,40,4
22175,88,-1968,104,-18,47,6
22180,80,-1968,104,-23,51,4
22185,104,-1968,72,-28,56,6
22190,88,-2008,112,-33,60,3
22195,80,-1992,80,-37,63,5
22200,96,-2000,120,-40,66,4
22205,72,-1984,120,-39,67,4
22210,64,-1992,136,-37,70,2
22215,48,-2016,112,-36,70,2
22220,40,-1992,120,-33,72,1
22225,40,-2008,96,-29,78,2
22230,40,-2008,72,-24,79,0
22235,40,-2008,56,-22,82,1
22240,8,-2008,120,-19,83,0
22245,64,-1992,96,-16,85,2
22250,56,-1992,88,-15,85,2
22255,64,-2016,88,-14,86,3
22260,48,-2008,72,-14,84,2
22265,40,-2000,56,-13,83,2
22270,56,-2000,64,-11,81,1
22275,32,-2016,56,-10,81,4
22280,72,-2008,64,-10,81,3
22285,48,-2024,72,-6,80,3
22290,48,-2008,56,-1,79,2
22295,48,-2024,32,3,81,1
22300,72,-2024,40,7,80,-1
22305,72,-2000,32,12,80,-2
22310,64,-1992,56,15,80,-5
22315,24,-2000,56,16,81,-6
22320,48,-1992,80,16,81,-6
22325,24,-2000,80,15,80,-6
22330,24,-1968,96,16,81,-7
22335,40,-1968,104,14,80,-7
22340,48,-1952,88,11,78,-7
22345,64,-1952,120,4,80,-7
22350,48,-1936,144,-3,83,-7
22355,56,-1944,128,-11,83,-8
22360,32,-1960,112,-16,86,-9
22365,40,-1968,104,-22,85,-9
22370,48,-1960,88,-27,85,-12
22375,56,-1968,120,-31,83,-12
22380,64,-1960,152,-30,82,-10
22385,32,-1984,136,-31,82,-14
22390,24,-1968,120,-33,83,-13
22395,8,-1944,128,-34,84,-13
22400,16,-2000,88,-35,81,-12
22405,8,-2008,104,-36,79,-13
22410,32,-2008,96,-38,77,-13
22415,0,-1984,96,-38,73,-14
22420,8,-1976,112,-39,69,-12
22425,0,-1992,112,-42,67,-14
22430,0,-1992,96,-39,66,-12
22435,0,-1992,88,-35,66,-11
22440,-8,-2000,104,-30,63,-9
22445,-8,-1976,96,-27,62,-9
22450,16,-2000,104,-24,58,-5
22455,24,-2008,88,-20,56,-5
22460,24,-1992,96,-18,55,-1
22465,16,-2008,160,-18,52,-3
22470,16,-1992,88,-21,51,1
22475,32,-1992,96,-21,51,-2
22480,16,-1984,72,-22,50,-1
22485,56,-2016,64,-22,48,-3
22490,56,-2008,56,-19,47,-1
22495,8,-2000,96,-17,47,-5
22500,40,-2000,72,-18,47,-5
22505,32,-2016,96,-18,47,-7
22510,32,-1984,72,-18,48,-4
22515,56,-1976,88,-17,49,-7
22520,24,-1984,128,-18,51,-6
22525,40,-2008,80,-17,51,-7
22530,48,-2016,80,-15,53,-5
22535,24,-1992,112,-13,56,-9
22540,40,-2024,88,-11,57,-6
22545,56,-2024,96,-9,59,-9
22550,56,-1992,120,-8,61,-6
22555,56,-2000,96,-5,62,-10
22560,48,-2000,112,-3,62,-8
22565,40,-1976,120,-1,63,-12
22570,64,-2000,152,0,64,-10
22575,56,-2000,112,-1,64,-12
22580,40,-1992,88,2,65,-9
22585,32,-1992,80,4,65,-11
22590,32,-1960,120,3,66,-8
22595,32,-1976,136,6,65,-7
22600,24,-2008,112,9,64,-3
22605,8,-1968,136,9,63,-4
22610,24,-1984,128,11,59,0
22615,8,-1968,104,13,55,0
22620,8,-1984,120,14,52,2
22625,0,-1984,128,12,49,2
22630,-16,-2000,144,10,45,4
22635,-16,-1960,120,6,41,3
22640,-24,-1976,112,0,36,4
22645,0,-1992,104,-4,34,3
22650,-16,-2000,128,-6,28,4
22655,16,-1992,112,-7,25,3
22660,8,-2000,80,-5,21,5
22665,-8,-1992,128,-2,16,4
22670,8,-2000,144,2,13,6
22675,0,-1992,112,5,10,6
22680,24,-2008,136,4,8,7
22685,24,-1984,112,4,4,7
22690,0,-1992,112,4,1,7
22695,16,-1976,152,4,-2,9
22700,8,-1992,136,4,-4,10
22705,0,-2000,144,5,-5,10
22710,32,-1984,144,7,-7,9
22715,24,-1984,136,8,-9,9
22720,48,-1984,144,10,-12,9
22725,16,-2000,136,8,-9,9
22730,24,-2008,120,6,-11,9
22735,24,-1992,112,5,-13,8
22740,16,-1992,96,6,-13,7
22745,8,-1992,128,8,-13,6
22750,40,-1976,112,12,-13,6
22755,48,-1992,112,20,-13,6
22760,56,-1976,120,23,-12,7
22765,32,-1968,112,24,-11,7
22770,24,-1984,112,26,-11,9
22775,56,-1968,112,25,-12,10
22780,48,-1952,120,22,-11,9
22785,32,-1960,128,18,-12,11
22790,24,-1968,120,14,-11,12
22795,24,-1968,120,7,-10,12
22800,32,-1984,152,4,-8,11
22805,32,-1984,120,2,-9,13
22810,32,-1976,96,1,-11,12
22815,40,-1992,104,-1,-9,13
22820,40,-2008,48,0,-8,12
22825,24,-2000,64,0,-9,12
22830,24,-2024,104,0,-10,10
22835,32,-2024,80,2,-8,11
22840,16,-1992,120,5,-9,8
22845,16,-1976,72,5,-9,10
22850,48,-1992,104,7,-10,8
22855,32,-1984,104,5,-9,10
22860,8,-1984,80,7,-8,7
22865,24,-1952,128,7,-7,9
22870,40,-1976,120,6,-6,8
22875,48,-1984,104,4,-5,9
22880,16,-1968,120,3,-4,8
22885,32,-1968,80,-3,-2,12
22890,64,-2000,104,-7,-3,8
22895,40,-1968,112,-11,1,10
22900,32,-1976,152,-15,2,8
22905,64,-2000,120,-16,4,10
22910,56,-1992,112,-17,6,7
22915,56,-2016,88,-19,9,8
22920,56,-1984,72,-20,11,5
22925,48,-1968,104,-21,13,5
22930,40,-1960,96,-25,16,1
22935,56,-1976,128,-26,18,2
22940,48,-1976,112,-28,22,0
22945,48,-1984,104,-30,27,1
22950,64,-1960,96,-30,31,-1
22955,56,-1976,40,-30,35,2
22960,56,-1960,64,-31,39,0
22965,56,-1960,104,-34,43,3
22970,56,-1984,64,-34,46,1
22975,96,-2008,112,-35,51,4
22980,56,-1992,96,-34,53,0
22985,56,-1992,104,-36,58,1
22990,40,-1984,112,-37,61,-1
22995,48,-1992,136,-38,63,-1
23000,40,-1992,144,-39,64,-4
23005,48,-2008,120,-39,69,-3
23010,32,-2000,88,-37,71,-5
23015,56,-1984,104,-38,76,-5
23020,32,-1976,112,-38,78,-7
23025,32,-1984,104,-36,80,-4
23030,64,-2000,120,-33,83,-8
23035,32,-1992,88,-32,84,-7
23040,64,-1968,96,-32,87,-9
23045,56,-1976,120,-31,89,-11
23050,56,-1984,80,-34,93,-11
23055,56,-1992,88,-38,95,-11
23060,64,-1984,104,-41,97,-12
23065,64,-1984,88,-41,100,-14
23070,64,-2008,112,-42,104,-15
23075,64,-2000,88,-38,108,-13
23080,48,-1976,128,-36,111,-14
23085,40,-1984,64,-35,111,-15
23090,88,-1992,64,-36,114,-15
23095,72,-1992,96,-36,116,-16
23100,48,-1984,64,-36,117,-17
23105,48,-1976,64,-36,121,-17
23110,64,-1976,112,-37,123,-18
23115,48,-1984,80,-38,122,-17
23120,64,-1984,80,-41,123,-18
23125,56,-2024,48,-42,126,-17
23130,32,-1984,104,-41,126,-17
23135,64,-2016,72,-37,125,-18
23140,40,-2008,112,-29,127,-20
23145,56,-2016,104,-23,126,-21
23150,40,-2008,112,-19,124,-19
23155,40,-1976,96,-15,123,-19
23160,56,-2008,104,-12,124,-19
23165,32,-2000,64,-10,124,-18
23170,40,-1976,64,-10,121,-17
23175,32,-1976,88,-7,119,-16
23180,56,-1960,96,-9,119,-13
23185,64,-2016,104,-8,118,-14
23190,64,-2000,88,-10,115,-8
23195,40,-1976,72,-11,113,-8
23200,48,-1976,64,-12,111,-6
23205,64,-1976,72,-13,109,-5
23210,56,-1992,64,-16,109,-1
23215,40,-1984,64,-15,108,-2
23220,40,-1960,72,-17,103,0
23225,24,-1984,72,-22,102,-3
23230,24,-2000,56,-24,99,-1
23235,16,-2000,88,-25,96,-4
23240,8,-1984,96,-26,95,-3
23245,88,-2072,104,-27,93,-6
23250,48,-2000,104,-28,93,-5
23255,56,-1992,104,-30,94,-10
23260,48,-2008,72,-30,95,-10
23265,56,-1976,120,-29,97,-15
23270,64,-1976,104,-28,97,-14
23275,32,-1952,104,-29,99,-19
23280,32,-1952,112,-31,100,-17
23285,40,-1968,120,-32,101,-21
23290,56,-1984,120,-35,101,-19
23295,96,-1960,88,-36,102,-21
23300,56,-1968,88,-38,106,-19
23305,56,-1984,112,-39,107,-22
23310,56,-1992,120,-41,109,-21
23315,40,-1976,112,-42,108,-23
23320,48,-1992,136,-44,110,-20
23325,40,-2016,144,-45,112,-21
23330,40,-2016,104,-43,112,-17
23335,40,-2016,112,-40,112,-16
23340,24,-2016,136,-34,114,-16
23345,0,-2008,120,-29,113,-16
23350,16,-2008,120,-23,111,-14
23355,0,-1992,120,-21,111,-16
23360,8,-1976,104,-20,110,-14
23365,8,-1992,96,-23,107,-15
23370,0,-2000,120,-26,105,-12
23375,-32,-2000,128,-27,104,-13
23380,-8,-2000,88,-26,99,-12
23385,-8,-1984,136,-28,96,-12
23390,-8,-2000,96,-27,91,-9
23395,8,-1984,112,-30,88,-10
23400,-8,-1992,96,-29,83,-8
23405,-24,-1984,136,-29,79,-9
23410,-40,-1976,136,-28,75,-6
23415,-8,-1976,144,-28,72,-8
23420,-16,-1976,112,-29,68,-5
23425,0,-2016,120,-31,63,-4
23430,0,-1992,88,-30,57,-2
23435,-8,-2008,80,-28,54,-1
23440,8,-2016,96,-23,51,0
23445,-32,-2008,80,-20,45,-1
23450,8,-2008,96,-16,41,1
23455,8,-2000,120,-14,38,2
23460,0,-2000,104,-11,34,4
23465,16,-1992,56,-9,29,6
23470,0,-1976,88,-10,26,7
23475,16,-1976,104,-11,23,7
23480,24,-1968,112,-12,18,8
23485,16,-1984,120,-17,18,9
23490,40,-2000,120,-18,15,10
23495,24,-1976,96,-22,14,10
23500,32,-2016,80,-21,12,10
23505,40,-2000,104,-21,11,11
23510,40,-2008,120,-19,9,10
23515,40,-2000,120,-17,8,9
23520,64,-1968,80,-16,8,8
23525,40,-2024,96,-17,6,6
23530,48,-1968,104,-15,7,5
23535,64,-2008,80,-12,8,5
23540,64,-1984,56,-9,9,4
23545,48,-1992,64,-10,9,3
23550,48,-2000,80,-12,9,2
23555,16,-2008,112,-13,9,4
23560,40,-1984,72,-12,10,3
23565,56,-1984,72,-11,9,5
23570,40,-1968,96,-10,9,6
23575,48,-1992,88,-10,6,7
23580,32,-1984,56,-10,10,6
23585,48,-1984,88,-10,9,8
23590,48,-1976,56,-8,8,6
23595,40,-2000,64,-9,7,8
23600,56,-2000,96,-10,7,6
23605,16,-1992,72,-11,8,7
23610,64,-2008,96,-11,9,6
23615,48,-1984,56,-11,9,8
23620,32,-1992,80,-9,10,8
23625,48,-1976,72,-9,12,9
23630,64,-2000,88,-9,12,6
23635,64,-2024,72,-11,13,9
23640,56,-2000,88,-11,15,8
23645,72,-2016,64,-10,16,8
23650,40,-1992,80,-9,18,4
23655,80,-2008,80,-7,21,5
23660,64,-1984,72,-4,22,1
23665,80,-1992,72,-3,25,2
23670,80,-2000,80,-4,26,1
23675,72,-2008,80,-3,31,2
23680,80,-1976,72,-3,33,-1
23685,56,-1992,80,-3,35,1
23690,96,-1992,64,-1,38,0
23695,56,-1976,64,-2,40,0
23700,96,-1976,72,-4,41,-4
23705,80,-1968,64,-7,44,-1
23710,88,-1984,72,-11,46,-5
23715,72,-1976,104,-16,49,-2
23720,96,-2000,72,-20,53,-4
23725,96,-1992,64,-24,52,-3
23730,80,-1992,64,-24,55,-4
23735,72,-2016,56,-22,56,-4
23740,64,-1976,72,-20,56,-6
23745,48,-1984,72,-19,56,-4
23750,64,-2008,80,-21,55,-5
23755,64,-2016,56,-24,57,-2
23760,64,-2024,120,-21,57,-3
23765,32,-2016,80,-18,58,-3
23770,40,-1976,56,-13,56,-4
23775,24,-1992,56,-11,57,-1
23780,32,-2000,48,-11,56,-1
23785,24,-1992,72,-10,54,0
23790,96,-2048,168,-11,51,-1
23795,32,-2000,64,-13,51,0
23800,48,-1984,80,-14,48,-1
23805,40,-1976,88,-18,49,-1
23810,56,-2000,104,-18,48,0
23815,64,-2000,88,-16,47,2
23820,40,-2008,80,-13,45,1
23825,48,-1992,72,-11,45,2
23830,48,-1992,104,-11,45,0
23835,64,-1992,64,-13,45,0
23840,56,-1968,96,-12,45,-2
23845,64,-2000,96,-11,43,-2
23850,48,-1992,64,-12,44,-2
23855,32,-1976,88,-11,47,-1
23860,24,-1976,56,-12,46,-1
23865,32,-1976,104,-15,46,-1
23870,56,-1960,24,-17,45,1
23875,56,-1992,88,-20,47,1
23880,48,-2000,80,-22,47,-1
23885,56,-1984,104,-22,48,-1
23890,40,-2008,72,-22,49,-1
23895,48,-2032,72,-20,49,-1
23900,56,-2016,80,-18,49,0
23905,40,-1992,96,-16,49,-1
23910,40,-2000,112,-15,50,-2
23915,56,-2000,72,-14,48,-3
23920,56,-1992,96,-14,51,-3
23925,40,-1984,88,-15,52,-4
23930,40,-1960,88,-16,52,-1
23935,48,-1984,72,-19,53,-3
23940,32,-1984,88,-17,53,0
23945,56,-1984,88,-20,53,0
23950,32,-1960,96,-21,53,1
23955,40,-1960,80,-24,54,1
23960,32,-1984,64,-25,54,5
23965,56,-2008,72,-26,55,1
23970,48,-1992,48,-27,55,2
23975,40,-2000,112,-26,54,-1
23980,24,-2016,112,-26,53,1
23985,40,-2000,80,-25,54,-1
23990,40,-2008,88,-25,52,1
23995,40,-2008,112,-25,51,-1
24000,32,-2024,96,-23,49,1
24005,48,-2000,96,-21,47,-2
24010,48,-2016,112,-19,45,1
24015,8,-1992,96,-16,45,-1
24020,32,-1984,104,-17,43,2
24025,40,-1968,96,-14,42,-2
24030,48,-1984,88,-14,42,0
24035,48,-1976,88,-14,41,-2
24040,48,-1984,96,-12,42,2
24045,48,-1984,56,-13,41,1
24050,56,-1976,56,-11,43,4
24055,48,-1968,80,-13,43,2
24060,56,-1984,96,-13,43,4
24065,8,-2000,80,-13,43,3
24070,40,-1984,64,-16,43,5
24075,32,-2008,80,-19,42,1
24080,56,-1976,88,-23,43,5
24085,40,-2008,64,-23,41,1
24090,24,-2000,96,-23,42,3
24095,48,-2000,64,-21,42,2
24100,48,-2008,72,-19,43,2
24105,40,-2008,72,-17,44,-2
24110,64,-2008,104,-17,44,0
24115,40,-2000,104,-15,44,-2
24120,64,-2008,104,-14,46,-1
24125,48,-2008,96,-14,46,-5
24130,40,-1984,56,-15,46,-3
24135,32,-1984,72,-15,48,-4
24140,48,-1976,80,-16,49,-2
24145,56,-1968,80,-18,50,-1
24150,40,-2000,80,-19,49,-1
24155,48,-1976,120,-18,49,-2
24160,56,-2000,88,-16,49,1
24165,40,-1984,88,-15,48,-1
24170,24,-2008,56,-12,49,0
24175,40,-2000,80,-12,50,-2
24180,40,-1976,96,-11,51,-2
24185,24,-1976,72,-10,51,-2
24190,40,-2008,88,-11,51,-2
24195,40,-1976,64,-13,54,-1
24200,40,-2000,88,-15,53,0
24205,40,-2016,40,-17,52,-2
24210,40,-1984,96,-20,53,-1
24215,8,-2000,80,-21,53,-2
24220,32,-1976,88,-21,53,-1
24225,48,-2008,96,-20,53,-1
24230,40,-2000,96,-19,51,-2
24235,48,-1984,96,-18,50,-1
24240,24,-2016,88,-18,49,-1
24245,24,-1984,112,-16,47,-1
24250,24,-2008,104,-14,47,-2
24255,16,-2000,96,-12,46,-1
24260,16,-1984,88,-10,45,-1
24265,32,-2000,88,-8,44,1
24270,8,-1968,64,-9,44,2
24275,16,-2000,96,-10,42,4
24280,40,-1976,72,-11,43,4
24285,24,-1992,80,-11,42,5
24290,24,-1984,64,-14,41,4
24295,48,-1976,88,-16,41,6
24300,48,-1968,48,-16,41,4
24305,-8,-1984,64,-17,40,7
24310,16,-2000,64,-21,41,5
24315,48,-1968,72,-22,40,6
24320,40,-1992,64,-22,40,4
24325,48,-2024,104,-25,38,4
24330,32,-2000,72,-25,40,2
24335,24,-2000,64,-25,39,3
24340,48,-2008,64,-22,40,3
24345,32,-2000,64,-18,39,6
24350,40,-2008,88,-16,39,3
24355,24,-2000,88,-14,40,5
24360,16,-2008,64,-13,38,2
24365,0,-2000,80,-12,38,4
24370,0,-2000,88,-12,35,2
24375,16,-1992,56,-11,35,5
24380,16,-1992,72,-11,35,3
24385,16,-1984,64,-11,34,5
24390,8,-1968,40,-11,33,3
24395,8,-1992,64,-11,31,6
24400,24,-1976,88,-11,30,5
24405,8,-1992,72,-13,28,7
24410,32,-1968,56,-14,28,4
24415,40,-1984,80,-13,28,7
24420,48,-1992,72,-15,27,4
24425,32,-2000,64,-16,27,7
24430,40,-2008,96,-16,29,2
24435,40,-2008,96,-16,28,3
24440,40,-2016,88,-14,29,-1
24445,-24,-1952,112,-13,30,1
24450,16,-2008,88,-11,31,-1
24455,40,-2008,88,-10,31,0
24460,48,-2008,80,-8,34,-2
24465,48,-2008,72,-3,34,-1
24470,24,-2008,56,-1,36,-4
24475,56,-2000,80,-2,38,-1
24480,40,-1992,64,0,40,-3
24485,56,-1960,64,0,39,-2
24490,40,-2000,64,-1,41,-5
24495,40,-2000,72,0,42,-2
24500,64,-2016,80,0,44,-4
24505,32,-1984,72,0,46,0
24510,40,-1976,64,1,46,-2
24515,56,-2000,64,2,48,-1
24520,40,-2000,48,4,49,-2
24525,32,-2000,96,4,49,-2
24530,40,-2000,80,6,50,-3
24535,32,-2000,56,5,50,-2
24540,32,-1984,104,6,51,-4
24545,48,-1984,88,3,53,-2
24550,48,-1992,80,4,54,-3
24555,16,-2000,80,5,54,-2
24560,48,-1992,96,6,54,-1
24565,40,-1976,80,7,54,-2
24570,48,-2008,64,7,54,-1
24575,24,-2000,64,6,53,0
24580,24,-1992,88,5,50,0
24585,32,-1984,80,2,49,1
24590,8,-1952,72,-1,45,1
24595,24,-1984,72,-4,42,3
24600,40,-1992,104,-5,42,3
24605,48,-1984,112,-7,40,3
24610,16,-1976,80,-8,38,6
24615,48,-1984,64,-10,38,5
24620,40,-1992,96,-10,37,7
24625,8,-1984,64,-11,34,6
24630,16,-1960,104,-13,34,5
24635,32,-1992,40,-18,32,7
24640,40,-1968,96,-21,33,8
24645,40,-1976,88,-25,33,8
24650,24,-1984,88,-30,33,8
24655,32,-1992,96,-33,33,7
24660,16,-1984,80,-34,33,8
24665,48,-2008,64,-35,33,7
24670,40,-1984,80,-35,34,8
24675,48,-2032,80,-35,33,7
24680,40,-2016,80,-38,31,8
24685,16,-1984,80,-38,30,5
24690,16,-2008,88,-40,26,9
24695,16,-2000,96,-39,26,6
24700,24,-1968,72,-41,22,8
24705,24,-1968,88,-42,17,7
24710,40,-1984,112,-46,14,9
24715,88,-1992,144,-51,12,10
24720,32,-1944,88,-56,9,13
24725,24,-1984,64,-61,8,12
24730,-8,-1968,104,-65,5,16
24735,-8,-1952,48,-73,2,15
24740,-8,-1984,80,-78,-3,18
24745,24,-1992,72,-81,-7,18
24750,8,-2016,56,-82,-12,20
24755,-8,-2016,64,-83,-15,19
24760,-8,-2016,64,-83,-20,20
24765,-24,-2008,24,-82,-27,18
24770,-8,-2024,48,-74,-30,19
24775,-16,-2032,16,-71,-33,17
24780,-16,-2008,48,-67,-37,18
24785,-8,-1992,40,-64,-41,17
24790,-16,-2032,32,-61,-44,19
24795,-16,-2016,64,-58,-48,19
24800,16,-2000,40,-54,-51,21
24805,-32,-2008,32,-50,-53,23
24810,-24,-2000,56,-46,-57,27
24815,8,-2008,72,-43,-61,23
24820,16,-2008,64,-37,-62,26
24825,-8,-2000,56,-33,-63,24
24830,8,-2000,80,-32,-62,26
24835,16,-2032,72,-34,-62,23
24840,8,-2008,56,-35,-62,25
24845,16,-2008,56,-35,-65,23
24850,8,-2016,48,-34,-66,26
24855,16,-2024,56,-33,-67,24
24860,8,-2016,64,-30,-65,25
24865,24,-2024,56,-25,-61,21
24870,16,-2032,48,-20,-60,23
24875,32,-2024,48,-16,-59,20
24880,32,-2008,32,-8,-56,22
24885,56,-1992,56,-4,-53,20
24890,24,-1984,16,-1,-47,22
24895,32,-1976,48,0,-43,20
24900,56,-1992,40,1,-40,20
24905,56,-1976,56,2,-38,19
24910,24,-1984,64,1,-37,19
24915,40,-1968,48,-3,-35,19
24920,48,-2000,48,-8,-33,21
24925,56,-1976,56,-12,-30,19
24930,8,-1992,64,-16,-29,22
24935,56,-2008,88,-19,-30,22
24940,48,-2000,64,-22,-29,21
24945,48,-1984,48,-24,-29,20
24950,64,-1984,80,-24,-25,19
24955,48,-2000,96,-23,-23,18
24960,48,-1984,72,-21,-20,16
24965,64,-1992,40,-21,-19,16
24970,48,-1992,32,-20,-16,17
24975,56,-1992,40,-19,-13,16
24980,72,-2016,48,-19,-8,15
24985,64,-2032,64,-18,-5,15
24990,88,-2016,88,-17,-4,14
24995,64,-1984,72,-16,0,14
