timestamp,accel_x,accel_y,accel_z,gyro_x,gyro_y,gyro_z
0,128,-1976,-264,31,6,-3
5,96,-1984,-272,33,5,-3
10,88,-1984,-296,37,5,-5
15,80,-1984,-288,43,3,-4
20,64,-1984,-304,48,4,-3
25,88,-1976,-280,52,3,-3
30,88,-2000,-288,53,3,-3
35,80,-1968,-280,52,3,0
40,104,-1992,-280,51,1,-1
45,88,-1968,-288,50,1,-3
50,88,-1960,-304,52,2,-3
55,88,-1976,-304,53,5,-3
60,104,-1960,-296,54,3,-4
65,88,-1968,-264,59,2,-4
70,96,-1960,-280,59,1,-6
75,48,-1976,-312,59,1,-8
80,144,-1928,-296,58,2,-7
85,112,-1976,-312,55,2,-8
90,88,-1952,-280,52,4,-8
95,104,-1960,-280,48,3,-8
100,96,-1984,-296,45,4,-8
105,112,-1984,-304,44,6,-6
110,88,-1984,-296,44,3,-8
115,64,-1976,-296,44,3,-6
120,64,-1968,-296,47,2,-7
125,88,-1992,-296,50,-1,-10
130,104,-1952,-256,53,-2,-9
135,72,-1960,-288,54,-4,-10
140,104,-1984,-312,55,-6,-11
145,104,-1952,-280,56,-6,-9
150,88,-1960,-296,54,-5,-9
155,104,-1976,-280,54,-4,-10
160,104,-1960,-320,53,-4,-9
165,96,-1952,-280,54,-4,-8
170,72,-1960,-288,54,-2,-7
175,88,-1960,-280,55,-3,-8
180,104,-1968,-272,56,-1,-7
185,104,-1952,-288,55,-2,-7
190,136,-1976,-280,55,2,-7
195,96,-1968,-288,53,1,-8
200,104,-1968,-280,51,3,-7
205,88,-1960,-280,49,4,-6
210,96,-1984,-296,46,3,-4
215,88,-1984,-264,46,1,-4
220,104,-1952,-288,47,-2,-3
225,88,-1968,-288,47,-4,-3
230,88,-1960,-264,47,-4,-3
235,72,-1952,-312,47,-2,-3
240,96,-1960,-256,45,-1,-3
245,88,-1968,-296,42,0,-4
250,88,-1992,-272,40,0,-7
255,80,-1992,-288,39,1,-8
260,96,-2000,-304,41,2,-9
265,96,-1976,-288,44,3,-10
270,80,-2000,-296,47,3,-10
275,88,-1968,-304,52,4,-11
280,96,-2016,-288,55,6,-11
285,88,-1976,-296,55,4,-10
290,112,-1928,-256,54,3,-12
295,112,-1976,-296,52,0,-12
300,88,-1968,-272,50,-4,-11
305,104,-1960,-304,50,-7,-12
310,104,-1984,-288,50,-11,-10
315,104,-1968,-264,54,-16,-11
320,96,-1976,-304,57,-15,-9
325,88,-1984,-264,58,-15,-7
330,112,-1976,-272,59,-13,-7
335,120,-1976,-296,57,-10,-7
340,120,-1976,-264,54,-7,-7
345,88,-1944,-280,50,-3,-6
350,136,-1992,-272,47,1,-7
355,120,-1992,-272,43,4,-10
360,120,-1992,-288,42,7,-11
365,128,-1984,-288,41,10,-10
370,136,-1976,-280,42,10,-10
375,88,-1968,-288,42,11,-10
380,88,-1984,-264,44,9,-6
385,104,-1992,-312,44,6,-5
390,80,-1952,-304,43,4,-5
395,88,-1976,-320,45,1,-5
400,144,-2008,-344,49,2,-3
405,88,-1976,-312,53,2,-4
410,80,-1968,-296,57,0,-3
415,112,-1968,-312,60,1,-3
420,104,-1984,-296,63,1,-5
425,96,-1968,-288,64,-1,-7
430,112,-1976,-280,60,-1,-9
435,96,-1968,-256,55,-2,-9
440,104,-1976,-296,51,-1,-9
445,72,-1968,-272,48,-1,-10
450,96,-1992,-216,46,0,-9
455,104,-1976,-272,46,0,-8
460,88,-1984,-272,46,1,-9
465,96,-1992,-312,45,3,-8
470,96,-1968,-304,43,3,-7
475,112,-1976,-280,39,1,-5
480,80,-1960,-296,35,-2,-5
485,120,-1960,-264,32,-5,-8
490,104,-1976,-264,35,-7,-9
495,96,-1944,-296,39,-7,-8
500,120,-1984,-280,43,-8,-8
505,112,-1928,-264,47,-7,-8
510,120,-1968,-320,46,-5,-9
515,128,-1960,-288,42,-2,-9
520,128,-1968,-272,37,2,-6
525,112,-1960,-288,31,6,-8
530,136,-1960,-288,29,9,-10
535,104,-1960,-296,28,13,-9
540,136,-1976,-304,30,15,-9
545,120,-1968,-264,32,16,-10
550,144,-1968,-264,32,17,-8
555,120,-1952,-280,29,19,-10
560,112,-1920,-296,24,21,-12
565,120,-1952,-304,17,23,-13
570,112,-1944,-296,14,22,-10
575,136,-1976,-304,11,24,-11
580,112,-1984,-288,10,27,-11
585,88,-1968,-312,11,26,-14
590,112,-1984,-304,11,25,-12
595,96,-1984,-320,14,26,-11
600,88,-1984,-312,17,26,-10
605,104,-1976,-288,19,26,-10
610,112,-1992,-288,21,26,-8
615,128,-1984,-192,24,28,-8
620,96,-1992,-288,24,26,-9
625,104,-1968,-288,23,26,-9
630,88,-1968,-304,23,26,-8
635,88,-1976,-296,23,27,-7
640,104,-1960,-288,21,25,-8
645,88,-1952,-296,19,26,-9
650,72,-1968,-288,16,26,-9
655,80,-1952,-320,12,24,-10
660,112,-1944,-312,8,23,-9
665,72,-1944,-328,3,20,-11
670,88,-1976,-328,1,18,-10
675,104,-1968,-288,2,16,-8
680,112,-1976,-288,4,17,-7
685,96,-1976,-288,4,18,-7
690,104,-1992,-352,10,17,-7
695,80,-1960,-320,14,16,-8
700,120,-1976,-296,16,15,-7
705,96,-1984,-288,18,14,-5
710,72,-1976,-312,18,12,-4
715,120,-1984,-304,18,12,-5
720,48,-1936,-288,16,10,-8
725,88,-1960,-304,13,8,-7
730,96,-1960,-320,11,6,-8
735,80,-1936,-304,10,1,-7
740,72,-1960,-312,10,-1,-5
745,80,-1976,-312,11,-2,-5
750,72,-1984,-320,10,-4,-3
755,48,-1952,-312,8,-8,-3
760,48,-1944,-304,8,-8,-5
765,80,-1976,-320,8,-8,-5
770,72,-1968,-288,7,-10,-7
775,88,-1936,-304,8,-9,-5
780,96,-1976,-304,8,-9,-6
785,88,-1976,-288,8,-8,-6
790,80,-1952,-320,11,-6,-8
795,88,-1968,-304,13,-5,-8
800,80,-1952,-336,15,-3,-8
805,112,-1968,-344,16,-3,-8
810,104,-1960,-312,15,-2,-8
815,96,-1944,-360,13,-3,-9
820,112,-1968,-312,13,-3,-9
825,96,-1952,-312,11,-3,-8
830,72,-1952,-296,11,-4,-11
835,112,-1960,-312,10,-3,-10
840,88,-1944,-320,10,-3,-8
845,96,-1976,-336,10,-1,-8
850,96,-1976,-320,11,1,-8
855,104,-1976,-312,13,1,-8
860,96,-1984,-312,12,3,-8
865,48,-1984,-312,13,3,-7
870,56,-1952,-320,15,3,-8
875,80,-1936,-320,13,2,-9
880,80,-1912,-256,12,1,-7
885,88,-1976,-280,10,1,-7
890,72,-1984,-312,6,0,-6
895,80,-1952,-296,5,0,-8
900,96,-1968,-336,4,-1,-7
905,104,-1976,-296,5,-2,-9
910,112,-1960,-320,6,-3,-11
915,88,-1936,-312,8,-4,-12
920,96,-1976,-312,10,-3,-12
925,88,-1984,-296,10,-5,-14
930,80,-1944,-320,9,-4,-14
935,96,-2016,-352,5,-2,-13
940,96,-1984,-328,3,-3,-14
945,88,-1960,-304,2,-4,-12
950,96,-1976,-328,1,-6,-10
955,64,-1968,-304,1,-7,-10
960,80,-1960,-312,2,-6,-11
965,88,-1944,-312,2,-5,-10
970,88,-1968,-328,2,-6,-11
975,112,-1960,-328,-1,-5,-10
980,72,-1960,-344,-3,-5,-10
985,112,-1976,-344,-7,-5,-11
990,128,-1992,-344,-6,-5,-8
995,120,-1984,-336,-4,-3,-9
1000,88,-1944,-296,3,-1,-8
1005,136,-1976,-344,9,1,-9
1010,112,-1976,-320,17,3,-10
1015,136,-1968,-344,24,4,-8
1020,112,-1968,-296,28,4,-8
1025,120,-1944,-320,30,4,-8
1030,144,-1960,-328,31,6,-9
1035,112,-1936,-320,27,9,-8
1040,136,-1936,-376,21,10,-7
1045,128,-1952,-352,14,13,-9
1050,120,-1960,-368,6,16,-7
1055,80,-1944,-328,-3,18,-9
1060,112,-1960,-336,-11,19,-11
1065,120,-1968,-304,-17,21,-10
1070,136,-1960,-320,-22,21,-11
1075,136,-1976,-304,-26,22,-11
1080,96,-1952,-328,-29,25,-8
1085,104,-1968,-296,-34,25,-8
1090,88,-1952,-280,-37,25,-8
1095,88,-1952,-288,-37,24,-7
1100,88,-1928,-352,-37,21,-7
1105,104,-1968,-312,-32,18,-7
1110,80,-1992,-312,-28,15,-9
1115,80,-1952,-320,-25,14,-8
1120,72,-1952,-328,-24,13,-8
1125,72,-1944,-344,-28,13,-9
1130,80,-1952,-336,-33,16,-8
1135,88,-1936,-312,-37,19,-7
1140,88,-1976,-312,-39,22,-8
1145,56,-1952,-336,-38,22,-6
1150,64,-1976,-320,-34,22,-5
1155,88,-1960,-320,-30,21,-4
1160,80,-1968,-336,-26,19,-4
1165,80,-1976,-328,-24,15,-4
1170,88,-1984,-344,-26,11,-6
1175,96,-1976,-336,-29,7,-4
1180,88,-1960,-312,-30,5,-6
1185,120,-1992,-344,-32,1,-6
1190,80,-1968,-320,-31,-1,-5
1195,64,-1984,-352,-27,-2,-7
1200,104,-1976,-352,-23,-4,-5
1205,96,-2040,-272,-16,-5,-3
1210,104,-1976,-336,-10,-4,-3
1215,88,-1992,-336,-5,-5,-4
1220,88,-1992,-344,3,-5,-4
1225,88,-1968,-344,10,-5,-4
1230,88,-2008,-344,19,-9,-3
1235,80,-1976,-344,25,-10,-3
1240,88,-1976,-368,31,-10,-4
1245,72,-1936,-352,35,-11,-3
1250,64,-1960,-352,36,-14,-5
1255,80,-1960,-392,35,-17,-4
1260,72,-1920,-360,31,-20,-3
1265,80,-1936,-400,26,-23,-3
1270,112,-1952,-392,21,-23,-3
1275,112,-1944,-376,17,-26,-4
1280,80,-1944,-352,17,-27,-3
1285,96,-1944,-352,19,-28,-4
1290,104,-1928,-376,21,-26,-5
1295,80,-1920,-344,21,-24,-7
1300,96,-1928,-368,21,-24,-6
1305,88,-1920,-336,19,-23,-5
1310,80,-1960,-392,12,-24,-5
1315,64,-1952,-352,4,-23,-4
1320,120,-1944,-352,-4,-24,-4
1325,136,-1968,-368,-8,-21,-2
1330,104,-1936,-384,-9,-21,-2
1335,104,-1936,-384,-7,-21,-1
1340,120,-1952,-360,-6,-21,0
1345,120,-1968,-400,-5,-21,-1
1350,120,-1968,-352,-4,-20,-2
1355,128,-1952,-392,-4,-17,0
1360,120,-1960,-360,-6,-13,0
1365,136,-1968,-360,-6,-9,-1
1370,136,-1960,-392,-6,-4,-4
1375,136,-1968,-392,-7,0,-5
1380,120,-1936,-400,-7,2,-6
1385,96,-1936,-416,-7,4,-9
1390,104,-1968,-376,-8,5,-10
1395,104,-1952,-416,-9,4,-7
1400,104,-1936,-424,-10,3,-7
1405,136,-1944,-384,-12,1,-6
1410,120,-1936,-384,-15,2,-7
1415,88,-1928,-392,-19,1,-6
1420,88,-1904,-376,-24,2,-6
1425,80,-1928,-408,-28,4,-5
1430,104,-1952,-384,-30,4,-5
1435,96,-1936,-408,-33,5,-5
1440,120,-1928,-368,-33,6,-5
1445,104,-1912,-392,-34,7,-6
1450,120,-1904,-392,-32,6,-4
1455,104,-1944,-392,-32,6,-4
1460,88,-1904,-424,-32,4,-3
1465,96,-1928,-360,-32,2,-4
1470,104,-1952,-368,-33,-1,-2
1475,120,-1960,-392,-35,-2,-6
1480,104,-1984,-368,-38,-4,-5
1485,88,-1952,-376,-39,-5,-6
1490,104,-1936,-360,-43,-6,-7
1495,72,-1928,-392,-44,-5,-10
1500,80,-1944,-384,-44,-5,-10
1505,88,-1952,-384,-43,-6,-12
1510,80,-1960,-408,-41,-9,-10
1515,40,-1936,-344,-36,-13,-9
1520,80,-1960,-392,-30,-17,-7
1525,64,-1976,-392,-26,-23,-4
1530,64,-1984,-416,-23,-29,-1
1535,88,-1960,-400,-22,-34,0
1540,88,-1968,-392,-22,-41,1
1545,80,-1936,-416,-23,-47,2
1550,88,-1952,-392,-24,-52,0
1555,88,-1944,-352,-26,-57,2
1560,104,-1936,-376,-25,-61,3
1565,96,-1936,-368,-24,-66,1
1570,112,-1968,-368,-26,-70,2
1575,88,-1936,-392,-31,-72,-1
1580,104,-1936,-384,-38,-74,0
1585,88,-1944,-392,-46,-78,-1
1590,112,-1952,-392,-52,-79,1
1595,104,-1912,-368,-56,-80,2
1600,128,-1928,-408,-58,-80,3
1605,128,-1944,-368,-59,-80,3
1610,144,-1952,-416,-59,-80,6
1615,152,-1976,-352,-56,-81,7
1620,120,-1960,-392,-53,-79,8
1625,120,-1960,-360,-49,-78,7
1630,128,-1976,-336,-44,-79,7
1635,112,-1960,-376,-38,-76,6
1640,104,-1976,-368,-32,-77,6
1645,120,-1968,-368,-27,-77,7
1650,104,-1976,-352,-24,-74,6
1655,120,-1968,-320,-21,-73,10
1660,136,-1992,-368,-18,-70,11
1665,144,-1960,-344,-16,-68,13
1670,136,-1944,-376,-12,-68,14
1675,144,-1872,-392,-11,-65,17
1680,144,-1912,-376,-12,-64,19
1685,112,-1880,-432,-14,-61,19
1690,152,-1888,-392,-22,-61,21
1695,152,-1952,-400,-30,-61,19
1700,136,-1880,-384,-40,-61,20
1705,168,-1944,-408,-46,-63,25
1710,152,-1928,-384,-50,-66,23
1715,160,-1936,-400,-53,-67,25
1720,136,-1952,-416,-54,-71,26
1725,136,-1960,-456,-55,-75,28
1730,128,-1976,-392,-56,-81,27
1735,104,-1984,-400,-57,-88,29
1740,120,-1976,-408,-56,-92,30
1745,128,-2016,-408,-55,-94,33
1750,120,-2032,-384,-50,-97,34
1755,104,-1984,-440,-46,-97,34
1760,56,-1944,-432,-40,-97,35
1765,120,-1984,-432,-33,-98,35
1770,64,-1976,-416,-26,-99,37
1775,80,-1976,-424,-21,-103,40
1780,96,-1944,-424,-15,-108,41
1785,64,-1952,-416,-15,-112,42
1790,80,-1928,-472,-15,-117,45
1795,72,-1968,-472,-18,-120,46
1800,88,-1920,-528,-21,-123,45
1805,80,-1920,-496,-23,-123,46
1810,104,-1936,-448,-24,-119,45
1815,128,-1920,-512,-23,-112,46
1820,128,-1960,-496,-21,-101,45
1825,120,-1936,-464,-17,-95,45
1830,120,-1952,-448,-15,-87,49
1835,160,-2008,-424,-14,-81,50
1840,112,-1976,-472,-11,-77,54
1845,136,-1976,-456,-13,-71,59
1850,144,-2000,-480,-13,-67,66
1855,120,-1992,-464,-13,-61,71
1860,96,-1984,-464,-13,-57,77
1865,96,-1992,-472,-12,-53,82
1870,88,-1968,-456,-11,-51,91
1875,96,-1968,-472,-8,-54,99
1880,104,-1968,-504,-6,-55,107
1885,40,-1928,-456,-5,-56,114
1890,64,-1936,-512,-8,-58,119
1895,72,-1912,-480,-15,-59,123
1900,40,-1872,-496,-27,-61,128
1905,16,-1872,-520,-40,-66,130
1910,0,-1848,-480,-54,-73,132
1915,8,-1840,-560,-71,-77,137
1920,-24,-1824,-528,-89,-82,143
1925,-32,-1840,-552,-111,-82,150
1930,-32,-1840,-592,-132,-82,154
1935,-40,-1848,-592,-149,-82,158
1940,-56,-1864,-592,-162,-85,160
1945,-80,-1904,-616,-174,-87,160
1950,-40,-1936,-592,-176,-91,159
1955,-24,-1944,-544,-169,-93,155
1960,-8,-1976,-576,-157,-98,155
1965,-24,-2000,-576,-138,-98,155
1970,0,-2024,-560,-116,-98,153
1975,-8,-2032,-552,-93,-102,152
1980,-32,-2008,-560,-68,-110,155
1985,-16,-2016,-544,-46,-118,157
1990,-8,-2000,-536,-23,-126,162
1995,-24,-1960,-512,-4,-132,169
2000,-24,-1968,-464,14,-138,172
2005,-32,-1912,-520,24,-142,176
2010,-48,-1904,-480,34,-146,178
2015,-72,-1912,-432,36,-147,177
2020,-80,-1872,-432,40,-146,174
2025,-80,-1888,-416,41,-139,171
2030,-64,-1920,-400,41,-125,160
2035,-72,-1912,-352,46,-104,148
2040,-32,-1944,-328,51,-78,134
2045,-48,-1976,-312,60,-47,119
2050,-72,-1984,-272,66,-16,104
2055,-32,-1984,-288,73,8,95
2060,-48,-1976,-328,80,26,84
2065,-32,-1992,-320,85,39,79
2070,-16,-1952,-280,83,50,76
2075,-32,-1968,-352,77,58,80
2080,-16,-1984,-344,71,64,85
2085,-24,-1976,-360,59,73,95
2090,-16,-1960,-336,48,85,104
2095,-32,-1952,-392,37,102,115
2100,-32,-1968,-352,25,121,124
2105,-56,-1952,-400,10,137,134
2110,-48,-1960,-400,-5,150,144
2115,-96,-1976,-408,-17,159,151
2120,-96,-2016,-400,-26,161,160
2125,-128,-2048,-424,-31,159,168
2130,-160,-2040,-456,-31,155,177
2135,-216,-2048,-408,-23,150,183
2140,-216,-2048,-384,-12,148,190
2145,-240,-2056,-424,2,142,199
2150,-264,-2048,-440,13,136,205
2155,-240,-2024,-432,23,127,210
2160,-264,-2024,-440,30,117,214
2165,-232,-1992,-440,38,107,217
2170,-256,-1976,-456,50,98,219
2175,-224,-1936,-408,59,92,217
2180,-176,-1976,-400,68,92,216
2185,-168,-1928,-424,76,93,211
2190,-176,-1912,-408,82,92,207
2195,-144,-1896,-416,86,90,199
2200,-128,-1888,-432,87,91,192
2205,-112,-1888,-416,83,93,187
2210,-128,-1856,-440,76,104,179
2215,-136,-1848,-392,67,115,172
2220,-112,-1880,-384,59,131,165
2225,-80,-1880,-408,55,146,159
2230,-144,-1832,-344,52,162,154
2235,-160,-1864,-336,49,177,146
2240,-96,-1880,-328,49,194,141
2245,-128,-1856,-280,49,209,134
2250,-128,-1840,-312,51,219,128
2255,-136,-1824,-312,47,232,124
2260,-136,-1840,-264,42,241,121
2265,-160,-1792,-304,33,250,114
2270,-168,-1784,-288,23,257,109
2275,-168,-1824,-296,14,264,102
2280,-152,-1832,-296,6,269,96
2285,-144,-1888,-288,-1,276,88
2290,-216,-1832,-280,-7,285,80
2295,-176,-1888,-264,-8,297,69
2300,-176,-1928,-272,-6,306,58
2305,-160,-1920,-224,5,316,46
2310,-168,-1920,-272,15,326,36
2315,-192,-1944,-272,25,332,25
2320,-160,-1936,-272,37,338,16
2325,-144,-1944,-248,43,343,7
2330,-144,-1968,-264,49,348,1
2335,-144,-1952,-232,56,351,-3
2340,-160,-1976,-232,66,355,-7
2345,-152,-1936,-200,82,359,-14
2350,-152,-1968,-184,96,362,-16
2355,-168,-1952,-184,108,364,-19
2360,-160,-1976,-216,115,367,-21
2365,-192,-1960,-184,116,371,-23
2370,-216,-1992,-216,118,375,-23
2375,-256,-2008,-168,120,377,-24
2380,-216,-2056,-128,128,378,-26
2385,-248,-2072,-128,143,377,-28
2390,-256,-2112,-120,163,374,-29
2395,-224,-2128,-48,188,373,-28
2400,-232,-2136,-72,213,381,-25
2405,-224,-2120,-96,239,389,-21
2410,-216,-2112,-64,260,400,-20
2415,-200,-2104,-72,282,409,-18
2420,-176,-2112,-80,300,411,-21
2425,-184,-2096,-104,315,413,-26
2430,-224,-2048,-128,321,409,-31
2435,-176,-2040,-152,316,399,-36
2440,-184,-2040,-176,302,382,-42
2445,-288,-2008,-232,282,354,-46
2450,-224,-2064,-248,261,320,-48
2455,-368,-2080,-312,233,279,-41
2460,-424,-2080,-416,192,240,-27
2465,-496,-2168,-584,131,208,-6
2470,-552,-2232,-696,49,187,16
2475,-632,-2296,-696,-36,169,39
2480,-616,-2456,-592,-98,143,60
2485,-608,-2552,-464,-102,110,77
2490,-536,-2688,-296,-41,84,90
2495,-472,-2752,-128,75,66,100
2500,-336,-2728,-112,218,51,109
2505,-176,-2680,-136,353,33,115
2510,-160,-2608,-184,454,4,117
2515,-80,-2504,-296,506,-35,122
2520,-16,-2400,-400,512,-77,125
2525,40,-2288,-496,485,-113,118
2530,112,-2192,-536,448,-132,100
2535,112,-2128,-584,416,-133,69
2540,120,-2016,-576,391,-112,32
2545,88,-1920,-608,366,-76,-13
2550,0,-1864,-656,332,-30,-55
2555,-48,-1872,-648,281,20,-91
2560,-96,-1824,-600,217,70,-117
2565,-160,-1816,-568,144,118,-135
2570,-216,-1840,-552,78,162,-151
2575,-216,-1872,-504,28,196,-158
2580,-232,-1904,-472,1,217,-159
2585,-208,-1912,-504,-4,225,-157
2590,-192,-1872,-552,4,222,-150
2595,-96,-1888,-560,23,212,-142
2600,-96,-1840,-568,41,196,-138
2605,-40,-1792,-616,56,178,-134
2610,40,-1736,-560,72,166,-135
2615,112,-1768,-640,92,158,-132
2620,184,-1704,-648,116,155,-134
2625,224,-1672,-632,147,155,-134
2630,232,-1648,-656,177,160,-130
2635,232,-1608,-632,201,167,-126
2640,272,-1608,-648,214,180,-115
2645,280,-1600,-664,212,200,-101
2650,264,-1576,-704,197,225,-81
2655,240,-1560,-680,172,251,-61
2660,248,-1584,-696,144,279,-42
2665,224,-1656,-624,122,304,-23
2670,240,-1680,-632,107,326,-9
2675,200,-1704,-592,95,342,2
2680,176,-1704,-616,93,349,12
2685,144,-1776,-600,90,354,14
2690,56,-1776,-600,86,352,16
2695,56,-1848,-608,83,346,18
2700,-8,-1896,-560,83,337,15
2705,-32,-1944,-544,88,324,12
2710,-88,-1976,-552,100,308,8
2715,-144,-1992,-520,117,289,1
2720,-136,-2048,-520,137,270,-8
2725,-168,-2032,-496,156,246,-20
2730,-144,-2064,-464,174,215,-32
2735,-168,-2056,-496,189,182,-47
2740,-160,-2048,-488,203,147,-61
2745,-168,-2016,-512,215,114,-77
2750,-136,-2024,-496,226,83,-93
2755,-104,-2024,-488,234,59,-113
2760,-32,-2000,-480,237,37,-130
2765,0,-1984,-520,230,23,-147
2770,-16,-1968,-544,215,10,-162
2775,96,-1928,-480,191,2,-174
2780,80,-1944,-480,166,-1,-187
2785,96,-1904,-472,142,-1,-197
2790,128,-1936,-440,121,2,-205
2795,104,-1896,-456,105,10,-211
2800,144,-1864,-408,93,24,-219
2805,144,-1856,-376,87,39,-225
2810,152,-1840,-416,85,54,-233
2815,136,-1824,-392,79,64,-240
2820,120,-1856,-376,69,73,-249
2825,96,-1792,-408,55,79,-251
2830,120,-1824,-392,39,79,-254
2835,96,-1864,-400,19,79,-254
2840,88,-1864,-416,0,76,-253
2845,56,-1864,-400,-15,69,-252
2850,64,-1880,-392,-27,60,-250
2855,56,-1888,-384,-29,45,-250
2860,24,-1888,-400,-30,29,-249
2865,0,-1880,-408,-28,13,-250
2870,24,-1896,-424,-29,-4,-249
2875,24,-1888,-424,-33,-21,-253
2880,32,-1856,-408,-40,-39,-258
2885,24,-1864,-400,-47,-58,-261
2890,64,-1872,-384,-57,-78,-266
2895,56,-1856,-376,-67,-98,-271
2900,72,-1872,-360,-76,-114,-276
2905,88,-1896,-328,-78,-131,-281
2910,88,-1928,-328,-75,-148,-284
2915,96,-1928,-280,-67,-163,-286
2920,72,-1928,-296,-52,-179,-290
2925,88,-1968,-312,-36,-191,-289
2930,80,-1960,-320,-17,-202,-287
2935,80,-1944,-296,0,-212,-282
2940,112,-1936,-320,15,-219,-278
2945,104,-1904,-304,25,-221,-270
2950,104,-1888,-288,29,-223,-264
2955,112,-1848,-336,26,-220,-256
2960,112,-1832,-288,17,-216,-249
2965,120,-1840,-256,5,-213,-240
2970,152,-1800,-288,-13,-213,-234
2975,112,-1808,-240,-30,-216,-225
2980,104,-1808,-248,-47,-221,-217
2985,136,-1808,-200,-55,-222,-209
2990,160,-1808,-208,-60,-224,-206
2995,112,-1784,-216,-68,-224,-198
3000,120,-1792,-224,-76,-222,-196
3005,112,-1808,-240,-90,-220,-192
3010,96,-1792,-184,-104,-221,-188
3015,72,-1768,-200,-115,-226,-187
3020,80,-1800,-168,-126,-231,-187
3025,64,-1800,-224,-134,-236,-185
3030,96,-1840,-192,-139,-243,-183
3035,96,-1832,-216,-145,-251,-181
3040,96,-1840,-176,-151,-260,-179
3045,64,-1864,-128,-151,-267,-176
3050,112,-1864,-184,-152,-277,-173
3055,136,-1872,-224,-152,-283,-167
3060,160,-1896,-200,-150,-290,-160
3065,168,-1880,-216,-147,-296,-156
3070,200,-1896,-192,-143,-301,-150
3075,208,-1920,-160,-137,-310,-145
3080,232,-1928,-192,-133,-318,-140
3085,280,-1976,-120,-121,-327,-137
3090,256,-1960,-104,-97,-335,-136
3095,248,-1968,-128,-68,-341,-136
3100,208,-1952,-176,-43,-345,-134
3105,240,-2008,-136,-19,-351,-133
3110,248,-2008,-152,2,-354,-132
3115,192,-2008,-192,20,-358,-130
3120,192,-2000,-200,31,-359,-128
3125,176,-1992,-192,40,-357,-127
3130,176,-1976,-192,45,-353,-126
3135,160,-1984,-192,52,-349,-125
3140,176,-1936,-144,57,-344,-129
3145,168,-1912,-240,63,-339,-132
3150,184,-1920,-184,67,-332,-137
3155,208,-1864,-160,66,-324,-144
3160,208,-1920,-176,61,-319,-151
3165,256,-1904,-144,54,-312,-164
3170,248,-1888,-120,45,-308,-176
3175,280,-1904,-64,36,-306,-189
3180,296,-1928,-88,30,-302,-199
3185,272,-1952,-64,27,-299,-211
3190,256,-2016,-48,28,-294,-219
3195,240,-1984,-32,33,-290,-228
3200,272,-2024,-8,46,-288,-230
3205,256,-2072,8,71,-287,-228
3210,256,-2120,24,103,-286,-226
3215,280,-2128,48,134,-282,-224
3220,288,-2152,32,161,-275,-223
3225,312,-2152,-24,174,-267,-221
3230,352,-2208,-80,172,-254,-217
3235,400,-2208,-144,160,-234,-208
3240,440,-2248,-224,140,-205,-199
3245,448,-2304,-304,100,-174,-197
3250,456,-2328,-424,36,-139,-197
3255,480,-2376,-584,-53,-104,-198
3260,552,-2392,-640,-146,-67,-201
3265,520,-2424,-648,-217,-28,-210
3270,600,-2472,-568,-243,15,-225
3275,648,-2560,-528,-218,64,-242
3280,704,-2600,-456,-160,127,-262
3285,728,-2616,-464,-89,184,-280
3290,712,-2624,-488,-26,241,-302
3295,680,-2600,-568,20,291,-316
3300,560,-2576,-608,53,332,-324
3305,520,-2552,-664,80,365,-311
3310,472,-2488,-624,112,392,-287
3315,384,-2488,-688,155,411,-254
3320,240,-2408,-688,204,422,-218
3325,152,-2376,-744,251,422,-176
3330,40,-2280,-760,292,406,-128
3335,-32,-2208,-792,317,370,-80
3340,-112,-2112,-848,325,310,-36
3345,-168,-2048,-912,312,226,11
3350,-192,-1976,-960,281,127,53
3355,-256,-1896,-928,241,27,85
3360,-256,-1864,-896,203,-61,114
3365,-248,-1832,-896,179,-138,137
3370,-216,-1840,-840,167,-200,149
3375,-208,-1760,-800,163,-252,150
3380,-152,-1744,-824,162,-295,144
3385,-120,-1712,-848,159,-327,132
3390,-112,-1672,-872,145,-344,110
3395,-80,-1672,-864,127,-346,86
3400,-32,-1616,-872,109,-338,62
3405,-24,-1600,-880,98,-317,40
3410,24,-1560,-816,101,-287,21
3415,104,-1584,-808,118,-249,9
3420,184,-1584,-816,143,-206,-2
3425,240,-1544,-744,165,-163,-8
3430,272,-1536,-760,179,-121,-13
3435,336,-1552,-736,185,-83,-17
3440,320,-1560,-704,184,-48,-16
3445,320,-1608,-728,178,-20,-13
3450,288,-1664,-704,171,4,-4
3455,248,-1736,-704,168,24,5
3460,256,-1744,-656,168,41,25
3465,216,-1792,-648,174,57,47
3470,192,-1872,-624,187,75,71
3475,144,-1912,-640,199,93,95
3480,168,-1952,-616,205,112,120
3485,152,-1984,-624,205,132,144
3490,144,-2008,-600,201,146,166
3495,152,-2024,-616,200,155,185
3500,144,-2032,-584,199,160,201
3505,192,-2000,-592,203,169,213
3510,208,-1992,-592,208,179,227
3515,216,-1944,-600,210,190,238
3520,208,-1912,-608,209,198,247
3525,192,-1880,-560,203,204,255
3530,144,-1824,-608,197,209,263
3535,144,-1816,-568,189,212,275
3540,88,-1800,-512,180,216,283
3545,72,-1800,-488,169,223,289
3550,64,-1792,-496,157,228,296
3555,0,-1784,-488,142,233,297
3560,-8,-1792,-472,122,234,297
3565,-56,-1776,-488,100,231,298
3570,-80,-1728,-440,76,221,295
3575,-112,-1728,-424,52,210,295
3580,-112,-1736,-456,29,198,295
3585,-144,-1776,-408,11,184,294
3590,-112,-1752,-416,-2,175,295
3595,-104,-1768,-424,-16,164,295
3600,-80,-1760,-376,-30,154,292
3605,-112,-1736,-392,-47,143,292
3610,-64,-1744,-416,-69,132,287
3615,-64,-1752,-392,-91,121,281
3620,-72,-1768,-368,-115,113,274
3625,-72,-1760,-408,-138,107,267
3630,-32,-1792,-392,-159,107,258
3635,-48,-1776,-392,-174,113,246
3640,-32,-1816,-400,-179,125,231
3645,-48,-1792,-384,-177,138,215
3650,-32,-1824,-384,-172,154,198
3655,-24,-1832,-376,-166,173,182
3660,-8,-1816,-384,-161,189,168
3665,8,-1824,-328,-157,207,151
3670,24,-1840,-328,-151,220,139
3675,56,-1848,-320,-144,231,127
3680,48,-1840,-376,-138,238,115
3685,40,-1792,-344,-131,242,106
3690,48,-1800,-296,-127,242,99
3695,104,-1832,-312,-125,241,91
3700,24,-1816,-304,-123,239,86
3705,24,-1768,-288,-122,237,79
3710,0,-1760,-288,-120,233,72
3715,-8,-1776,-296,-118,230,67
3720,0,-1792,-280,-114,232,62
3725,-16,-1792,-272,-110,238,55
3730,-24,-1808,-272,-107,247,47
3735,-32,-1816,-280,-103,258,40
3740,-24,-1840,-248,-98,269,32
3745,-64,-1872,-232,-91,281,24
3750,-24,-1872,-184,-79,288,14
3755,-56,-1896,-200,-65,292,3
3760,-40,-1920,-232,-46,293,-7
3765,-48,-1920,-200,-23,288,-18
3770,-32,-1920,-192,-1,281,-29
3775,-72,-1920,-200,19,269,-40
3780,-56,-1936,-168,35,254,-49
3785,-72,-1960,-208,54,236,-57
3790,-96,-1936,-208,71,216,-64
3795,-112,-1952,-216,89,194,-70
3800,-80,-1960,-248,104,173,-73
3805,-120,-1984,-232,114,158,-71
3810,-144,-2016,-232,117,148,-67
3815,-168,-2024,-232,116,143,-59
3820,-168,-2040,-256,111,143,-49
3825,-168,-2056,-248,106,147,-36
3830,-152,-2064,-272,107,154,-20
3835,-152,-2104,-264,114,159,-5
3840,-152,-2128,-264,127,162,8
3845,-80,-2120,-256,140,162,25
3850,-40,-2160,-232,158,156,37
3855,-48,-2152,-248,173,142,49
3860,-24,-2120,-248,182,125,59
3865,-24,-2096,-216,187,103,67
3870,8,-2072,-224,195,81,75
3875,0,-2048,-192,205,61,81
3880,-32,-2016,-216,217,43,87
3885,-24,-1992,-152,225,31,94
3890,-32,-1968,-152,226,28,100
3895,-32,-1968,-136,219,33,102
3900,-32,-1960,-128,203,45,99
3905,-48,-1968,-96,176,62,94
3910,-56,-1984,-16,138,83,96
3915,-32,-2016,-72,89,105,98
3920,-24,-2024,-128,39,122,97
3925,-16,-2056,-184,-7,134,97
3930,0,-2080,-232,-42,145,95
3935,32,-2176,-280,-74,157,92
3940,16,-2224,-352,-110,164,89
3945,-16,-2304,-464,-152,158,96
3950,-64,-2424,-488,-195,129,109
3955,-96,-2504,-480,-228,77,127
3960,-216,-2552,-448,-231,15,160
3965,-312,-2600,-424,-197,-49,202
3970,-432,-2656,-336,-135,-105,251
3975,-512,-2632,-320,-54,-158,303
3980,-520,-2632,-264,30,-211,357
3985,-536,-2568,-272,110,-263,410
3990,-520,-2512,-320,175,-313,454
3995,-472,-2424,-352,216,-357,482
4000,-440,-2392,-360,234,-396,495
4005,-424,-2312,-440,237,-422,496
4010,-336,-2264,-432,241,-435,484
4015,-272,-2208,-480,248,-438,461
4020,-136,-2160,-544,258,-430,427
4025,-32,-2088,-608,263,-408,385
4030,64,-2024,-696,256,-370,339
4035,192,-1952,-808,236,-322,287
4040,296,-1848,-872,202,-264,233
4045,376,-1784,-864,163,-207,174
4050,408,-1720,-872,126,-150,121
4055,392,-1664,-872,97,-91,73
4060,408,-1648,-856,73,-36,34
4065,384,-1608,-840,59,17,10
4070,384,-1624,-784,50,74,-1
4075,360,-1632,-784,40,133,-5
4080,328,-1640,-760,24,195,0
4085,320,-1704,-752,5,251,11
4090,256,-1720,-768,-15,298,29
4095,216,-1744,-776,-29,326,50
4100,176,-1760,-760,-29,331,73
4105,160,-1816,-744,-15,309,98
4110,96,-1816,-720,15,272,118
4115,56,-1848,-720,51,223,136
4120,24,-1864,-688,91,172,150
4125,-16,-1912,-664,129,112,159
4130,-48,-1864,-688,164,70,162
4135,-112,-1888,-688,190,39,161
4140,-152,-1904,-672,206,13,153
4145,-176,-1904,-664,205,-7,137
4150,-200,-1968,-672,194,-20,112
4155,-192,-1992,-664,176,-37,79
4160,-176,-2000,-672,156,-52,42
4165,-160,-2008,-640,132,-66,-1
4170,-96,-2040,-624,110,-75,-48
4175,-80,-2000,-624,89,-83,-95
4180,-32,-2024,-640,72,-93,-144
4185,-24,-2008,-576,57,-106,-186
4190,-16,-1992,-560,47,-119,-225
4195,-8,-1968,-544,43,-133,-256
4200,-16,-1944,-560,34,-149,-281
4205,-16,-1920,-560,14,-166,-301
4210,-16,-1880,-584,-20,-185,-311
4215,-16,-1856,-592,-64,-205,-318
4220,-16,-1832,-576,-102,-226,-323
4225,0,-1832,-576,-128,-249,-330
4230,-32,-1864,-536,-141,-271,-335
4235,-24,-1800,-528,-142,-290,-338
4240,0,-1824,-536,-139,-303,-342
4245,0,-1800,-536,-136,-311,-343
4250,40,-1808,-520,-137,-314,-346
4255,88,-1800,-528,-144,-307,-348
4260,96,-1784,-520,-160,-292,-349
4265,104,-1728,-520,-182,-274,-351
4270,128,-1728,-520,-208,-259,-353
4275,128,-1720,-520,-235,-249,-355
4280,136,-1672,-504,-260,-247,-358
4285,192,-1720,-424,-281,-252,-359
4290,120,-1704,-504,-297,-262,-361
4295,136,-1704,-552,-308,-273,-360
4300,128,-1696,-520,-314,-282,-360
4305,128,-1744,-536,-313,-290,-358
4310,120,-1752,-528,-305,-295,-357
4315,120,-1736,-488,-287,-299,-356
4320,168,-1816,-480,-263,-305,-355
4325,136,-1832,-488,-231,-309,-355
4330,160,-1800,-456,-198,-315,-349
4335,160,-1848,-472,-165,-320,-345
4340,176,-1880,-480,-138,-322,-340
4345,152,-1872,-440,-113,-323,-331
4350,160,-1888,-488,-86,-322,-320
4355,168,-1904,-464,-58,-320,-309
4360,168,-1896,-488,-34,-322,-295
4365,136,-1880,-472,-12,-324,-281
4370,144,-1904,-416,6,-327,-264
4375,128,-1880,-448,26,-334,-251
4380,96,-1864,-392,51,-341,-236
4385,88,-1824,-352,79,-349,-224
4390,88,-1792,-352,105,-356,-213
4395,80,-1784,-408,130,-360,-205
4400,48,-1712,-352,139,-362,-198
4405,40,-1712,-376,136,-363,-193
4410,24,-1680,-392,119,-365,-187
4415,24,-1696,-352,94,-367,-180
4420,56,-1720,-384,68,-373,-174
4425,16,-1696,-320,46,-382,-169
4430,16,-1728,-320,34,-392,-162
4435,16,-1736,-272,32,-404,-155
4440,24,-1776,-272,42,-412,-146
4445,24,-1768,-248,58,-417,-140
4450,48,-1800,-224,78,-419,-133
4455,64,-1760,-200,98,-416,-124
4460,56,-1808,-184,117,-415,-116
4465,104,-1776,-248,130,-411,-110
4470,80,-1736,-184,138,-407,-99
4475,152,-1784,-272,139,-402,-89
4480,96,-1728,-288,131,-398,-79
4485,120,-1752,-280,119,-400,-66
4490,240,-1784,-248,105,-404,-55
4495,216,-1800,-304,93,-407,-46
4500,208,-1896,-296,81,-408,-40
4505,248,-1904,-280,71,-409,-35
4510,224,-1952,-280,62,-409,-36
4515,288,-1968,-232,57,-412,-40
4520,240,-1984,-200,57,-419,-48
4525,256,-2088,-208,61,-425,-58
4530,208,-2120,-224,71,-429,-71
4535,224,-2104,-216,85,-427,-79
4540,168,-2080,-264,102,-419,-86
4545,192,-2120,-224,123,-403,-91
4550,200,-2120,-208,146,-374,-95
4555,192,-2136,-288,174,-347,-99
4560,240,-2144,-296,202,-315,-106
4565,256,-2168,-312,225,-284,-117
4570,248,-2128,-232,249,-255,-129
4575,248,-2136,-200,262,-231,-145
4580,256,-2064,-208,272,-211,-162
4585,256,-2120,-120,283,-193,-180
4590,296,-2104,-96,290,-176,-197
4595,248,-2056,-88,302,-162,-210
4600,224,-2056,-48,315,-148,-222
4605,176,-2096,24,325,-138,-231
4610,144,-2096,88,331,-136,-232
4615,88,-2120,88,332,-140,-228
4620,56,-2144,160,332,-153,-219
4625,-24,-2168,104,331,-166,-208
4630,-16,-2168,120,327,-186,-198
4635,-48,-2168,40,315,-207,-189
4640,-56,-2176,-24,290,-234,-179
4645,-40,-2184,-104,252,-265,-166
4650,-32,-2248,-192,204,-297,-157
4655,32,-2304,-328,138,-333,-157
4660,112,-2376,-488,49,-371,-169
4665,184,-2352,-544,-53,-406,-186
4670,288,-2480,-632,-152,-432,-217
4675,408,-2544,-696,-227,-438,-258
4680,552,-2624,-648,-261,-407,-307
4685,744,-2752,-584,-240,-338,-359
4690,848,-2752,-560,-171,-235,-416
4695,912,-2800,-520,-75,-111,-471
4700,928,-2808,-528,26,16,-520
4705,912,-2704,-616,118,135,-553
4710,848,-2656,-656,198,233,-565
4715,776,-2568,-704,274,313,-554
4720,632,-2480,-768,351,372,-524
4725,528,-2416,-792,428,409,-480
4730,328,-2264,-832,494,425,-428
4735,184,-2176,-864,546,427,-362
4740,24,-2048,-880,576,407,-286
4745,-136,-1920,-928,580,364,-212
4750,-256,-1776,-968,556,290,-135
4755,-336,-1648,-944,506,192,-62
4760,-344,-1576,-928,440,79,2
4765,-344,-1528,-864,370,-32,50
4770,-312,-1480,-832,303,-129,83
4775,-336,-1520,-800,244,-204,104
4780,-328,-1536,-728,191,-264,118
4785,-264,-1576,-712,143,-318,121
4790,-240,-1608,-776,98,-364,116
4795,-176,-1672,-776,63,-392,99
4800,-112,-1736,-832,41,-400,76
4805,-56,-1752,-832,34,-386,46
4810,-8,-1792,-872,45,-351,13
4815,56,-1800,-800,76,-302,-13
4820,168,-1800,-816,120,-246,-35
4825,240,-1792,-800,171,-184,-47
4830,320,-1784,-768,223,-120,-57
4835,400,-1696,-760,269,-61,-63
4840,464,-1696,-744,297,-7,-66
4845,488,-1672,-736,308,39,-61
4850,472,-1648,-712,302,70,-51
4855,448,-1672,-736,280,94,-35
4860,424,-1664,-680,244,114,-12
4865,344,-1672,-688,204,128,18
4870,240,-1752,-632,169,132,50
4875,176,-1808,-608,139,129,86
4880,136,-1824,-528,121,119,121
4885,80,-1864,-560,113,110,156
4890,48,-1928,-568,110,105,188
4895,24,-1976,-584,107,107,217
4900,40,-1984,-584,104,115,245
4905,40,-2032,-552,96,131,267
4910,48,-2008,-560,88,148,285
4915,104,-2024,-552,85,166,301
4920,112,-2000,-552,92,185,318
4925,144,-1960,-536,112,203,328
4930,160,-1952,-496,141,225,336
4935,152,-1880,-440,168,244,343
4940,176,-1840,-464,186,262,350
4945,176,-1808,-464,191,278,352
4950,176,-1784,-480,186,293,357
4955,120,-1752,-464,167,308,358
4960,112,-1728,-456,139,324,360
4965,72,-1720,-448,106,339,360
4970,32,-1720,-472,72,352,361
4975,24,-1728,-488,42,367,360
4980,0,-1752,-456,15,377,360
4985,-24,-1760,-464,-6,382,362
4990,-24,-1808,-472,-22,386,363
4995,-24,-1752,-432,-31,388,366
5000,-32,-1752,-440,-40,388,367
5005,-8,-1752,-448,-50,389,369
5010,-8,-1776,-408,-67,390,369
5015,-24,-1744,-448,-84,390,368
5020,-32,-1744,-408,-102,396,368
5025,-32,-1744,-408,-119,404,366
5030,-32,-1752,-368,-135,414,359
5035,-24,-1776,-368,-151,424,351
5040,-32,-1800,-336,-161,433,340
5045,-48,-1832,-392,-168,436,326
5050,-64,-1840,-336,-175,438,313
5055,-64,-1840,-328,-180,441,299
5060,-96,-1840,-344,-186,441,284
5065,-104,-1848,-312,-193,439,268
5070,-88,-1848,-304,-196,435,251
5075,-104,-1848,-312,-197,432,235
5080,-64,-1848,-264,-198,427,217
5085,-80,-1800,-272,-198,425,197
5090,-80,-1816,-240,-197,426,180
5095,-48,-1816,-232,-196,428,163
5100,-48,-1744,-224,-191,432,148
5105,-24,-1784,-232,-184,435,136
5110,-48,-1776,-184,-182,436,127
5115,-40,-1728,-192,-183,435,119
5120,-32,-1744,-232,-188,428,115
5125,-32,-1728,-240,-202,422,110
5130,-40,-1744,-240,-225,416,109
5135,-40,-1752,-240,-252,412,109
5140,-32,-1792,-216,-275,414,105
5145,-32,-1824,-256,-282,415,101
5150,-16,-1840,-216,-279,419,96
5155,-24,-1848,-232,-266,422,89
5160,-32,-1864,-216,-245,424,79
5165,-32,-1856,-192,-223,425,69
5170,-48,-1856,-208,-201,425,55
5175,-72,-1888,-168,-184,423,41
5180,-112,-1888,-160,-169,419,31
5185,-128,-1864,-152,-155,414,21
5190,-184,-1904,-144,-146,408,12
5195,-192,-1928,-160,-140,400,5
5200,-232,-1952,-160,-139,388,0
5205,-248,-1968,-176,-140,375,-3
5210,-264,-1968,-160,-138,359,-7
5215,-320,-1984,-208,-137,341,-7
5220,-312,-1992,-240,-138,324,-7
5225,-304,-2016,-256,-143,307,-4
5230,-312,-2000,-256,-150,286,0
5235,-296,-2008,-224,-158,264,4
5240,-248,-2008,-272,-162,242,8
5245,-200,-2048,-264,-163,220,11
5250,-184,-2032,-248,-158,196,15
5255,-160,-2040,-256,-149,176,18
5260,-80,-2056,-232,-137,155,23
5265,-104,-2072,-232,-123,138,28
5270,-80,-2112,-216,-108,119,32
5275,-104,-2136,-200,-93,104,36
5280,-112,-2168,-216,-83,91,39
5285,-128,-2184,-216,-77,80,44
5290,-168,-2176,-208,-74,72,48
5295,-176,-2192,-184,-65,63,47
5300,-192,-2232,-128,-47,54,49
5305,-184,-2192,-120,-21,43,47
5310,-184,-2184,-104,12,34,47
5315,-176,-2176,-96,47,28,48
5320,-136,-2176,-8,78,27,48
5325,-112,-2136,-24,103,33,49
5330,-32,-2144,-8,122,41,52
5335,-32,-2120,16,134,54,57
5340,-32,-2104,-8,139,69,66
5345,-32,-2072,-56,132,84,81
5350,-24,-2096,-64,117,101,96
5355,8,-2104,-168,91,121,113
5360,-16,-2160,-208,62,145,127
5365,-56,-2184,-280,25,168,145
5370,-152,-2248,-392,-30,179,171
5375,-208,-2264,-480,-108,171,201
5380,-360,-2320,-584,-201,141,243
5385,-456,-2400,-656,-293,94,282
5390,-480,-2472,-656,-357,40,322
5395,-536,-2560,-616,-383,-12,356
5400,-560,-2624,-592,-366,-66,384
5405,-592,-2720,-552,-310,-116,410
5410,-576,-2752,-448,-222,-181,433
5415,-528,-2736,-496,-114,-254,455
5420,-480,-2744,-520,20,-325,474
5425,-352,-2696,-552,114,-379,491
5430,-248,-2640,-688,183,-419,498
5435,-104,-2552,-808,228,-445,496
5440,32,-2440,-904,262,-451,484
5445,168,-2336,-1008,291,-435,463
5450,344,-2240,-1096,312,-392,423
5455,488,-2096,-1160,328,-323,365
5460,592,-1944,-1224,341,-231,295
5465,656,-1776,-1232,350,-120,225
5470,664,-1680,-1232,350,-1,147
5475,672,-1656,-1168,329,121,73
5480,632,-1544,-1096,297,237,11
5485,576,-1528,-1016,257,334,-34
5490,544,-1528,-928,218,410,-61
5495,512,-1576,-832,185,461,-77
5500,456,-1584,-744,163,489,-82
5505,360,-1608,-728,152,498,-76
5510,248,-1640,-688,143,489,-60
5515,160,-1656,-744,132,464,-31
5520,88,-1704,-720,116,424,2
5525,0,-1728,-696,101,372,35
5530,-72,-1696,-752,91,310,65
5535,-184,-1736,-688,88,245,86
5540,-248,-1760,-672,91,178,97
5545,-320,-1776,-632,98,110,100
5550,-360,-1752,-640,115,49,89
5555,-376,-1800,-608,138,-1,70
5560,-392,-1784,-624,165,-38,45
5565,-376,-1808,-632,190,-64,11
5570,-376,-1848,-584,208,-81,-29
5575,-312,-1848,-600,217,-90,-74
5580,-216,-1904,-608,224,-96,-124
5585,-216,-1872,-600,224,-105,-174
5590,-160,-1920,-608,220,-113,-221
5595,-96,-1920,-640,206,-120,-267
5600,-80,-1928,-608,183,-127,-308
5605,-24,-1928,-624,159,-137,-342
5610,-16,-1920,-592,138,-151,-369
5615,8,-1912,-576,124,-168,-391
5620,0,-1888,-560,115,-188,-405
5625,32,-1800,-584,107,-207,-412
5630,-8,-1784,-584,93,-225,-410
5635,16,-1760,-576,76,-245,-402
5640,48,-1704,-568,57,-263,-390
5645,-16,-1640,-576,37,-282,-379
5650,0,-1632,-568,14,-298,-366
5655,-8,-1616,-576,-8,-312,-353
5660,16,-1608,-568,-31,-324,-340
5665,8,-1592,-552,-48,-329,-333
5670,-8,-1568,-568,-64,-332,-331
5675,40,-1600,-520,-82,-332,-331
5680,56,-1584,-560,-100,-334,-336
5685,96,-1632,-512,-128,-335,-342
5690,144,-1648,-456,-160,-339,-349
5695,120,-1648,-472,-200,-345,-356
5700,152,-1656,-488,-241,-355,-362
5705,152,-1640,-504,-279,-363,-368
5710,160,-1680,-488,-314,-370,-372
5715,168,-1672,-496,-344,-373,-374
5720,152,-1704,-496,-363,-372,-375
5725,168,-1720,-456,-372,-369,-374
5730,176,-1720,-496,-369,-369,-372
5735,136,-1760,-512,-349,-367,-368
5740,136,-1832,-480,-318,-367,-363
5745,104,-1880,-464,-281,-366,-353
5750,96,-1832,-464,-239,-366,-340
5755,120,-1848,-440,-192,-369,-325
5760,120,-1864,-416,-143,-373,-308
5765,112,-1912,-448,-86,-380,-288
5770,120,-1880,-400,-27,-388,-264
5775,136,-1896,-400,27,-394,-242
5780,128,-1864,-400,76,-400,-222
5785,120,-1840,-400,116,-402,-201
5790,104,-1792,-424,150,-403,-182
5795,152,-1760,-376,175,-399,-167
5800,152,-1704,-336,197,-391,-156
5805,144,-1696,-384,203,-379,-144
5810,168,-1696,-376,197,-365,-134
5815,128,-1664,-312,187,-353,-128
5820,168,-1696,-312,172,-343,-121
5825,136,-1664,-280,156,-337,-117
5830,136,-1680,-272,140,-340,-111
5835,88,-1696,-240,124,-346,-108
5840,80,-1720,-280,110,-357,-102
5845,72,-1736,-256,98,-371,-90
5850,72,-1728,-248,88,-382,-79
5855,24,-1704,-264,79,-388,-65
5860,48,-1760,-272,70,-385,-51
5865,64,-1784,-272,69,-378,-39
5870,56,-1784,-272,70,-367,-29
5875,88,-1816,-264,70,-359,-22
5880,104,-1840,-264,69,-354,-14
5885,144,-1864,-240,63,-354,-12
5890,176,-1904,-264,55,-353,-12
5895,192,-1936,-232,39,-351,-13
5900,232,-1952,-216,25,-343,-15
5905,256,-1976,-200,10,-333,-19
5910,232,-2000,-224,-1,-323,-26
5915,256,-2032,-232,-9,-315,-37
5920,240,-2024,-240,-14,-304,-45
5925,256,-2080,-248,-16,-291,-53
5930,240,-2104,-280,-13,-270,-60
5935,256,-2192,-256,-1,-239,-62
5940,232,-2200,-240,16,-200,-67
5945,280,-2272,-216,37,-157,-71
5950,256,-2296,-160,63,-118,-76
5955,248,-2280,-184,94,-82,-82
5960,272,-2264,-136,123,-52,-88
5965,336,-2264,-184,144,-24,-95
5970,312,-2264,-104,160,-3,-101
5975,312,-2184,-96,168,12,-111
5980,288,-2176,-56,171,23,-117
5985,296,-2184,32,177,29,-124
5990,264,-2176,64,183,33,-132
5995,224,-2168,112,193,38,-138
6000,176,-2184,168,209,41,-141
6005,144,-2184,176,222,44,-145
6010,80,-2184,136,230,51,-145
6015,96,-2160,56,223,60,-145
6020,72,-2136,-88,190,73,-144
6025,104,-2160,-264,131,87,-146
6030,96,-2216,-400,49,104,-147
6035,112,-2256,-512,-53,118,-155
6040,136,-2312,-648,-175,120,-176
6045,168,-2376,-848,-320,108,-205
6050,224,-2456,-888,-468,96,-244
6055,368,-2544,-896,-583,91,-294
6060,512,-2648,-832,-625,104,-353
6065,712,-2752,-744,-583,142,-418
6070,888,-2880,-608,-477,201,-489
6075,912,-2896,-624,-338,280,-560
6080,928,-2904,-672,-190,384,-619
6085,904,-2848,-728,-57,504,-662
6090,792,-2752,-848,52,630,-686
6095,640,-2632,-968,141,744,-689
6100,520,-2544,-1064,217,832,-668
6105,320,-2416,-1104,286,891,-633
6110,216,-2336,-1128,347,914,-579
6115,16,-2160,-1080,402,901,-515
6120,-200,-2024,-1080,451,836,-442
6125,-384,-1808,-1064,488,716,-362
6130,-568,-1688,-1072,503,535,-271
6135,-704,-1520,-1088,489,315,-173
6140,-728,-1408,-1080,447,94,-69
6145,-688,-1392,-1128,379,-96,27
6150,-696,-1368,-1088,288,-242,115
6155,-624,-1416,-1080,181,-345,171
6160,-544,-1512,-1024,76,-415,212
6165,-424,-1624,-1008,-13,-467,235
6170,-296,-1784,-1008,-72,-474,238
6175,-112,-1896,-1040,-100,-442,217
6180,-24,-1984,-1008,-102,-378,181
6185,120,-2048,-984,-78,-299,131
6190,240,-2072,-928,-33,-217,78
6195,368,-2064,-864,39,-144,31
6200,464,-2016,-824,135,-87,-5
6205,528,-1896,-824,244,-36,-29
6210,592,-1768,-856,347,14,-36
6215,680,-1680,-824,428,66,-31
6220,688,-1544,-832,472,112,-12
6225,656,-1488,-816,481,150,20
6230,600,-1400,-640,459,177,62
6235,520,-1360,-728,411,195,108
6240,456,-1376,-688,348,210,160
6245,320,-1432,-656,274,225,215
6250,240,-1504,-632,196,235,269
6255,160,-1576,-632,119,238,315
6260,64,-1696,-632,47,234,358
6265,0,-1800,-632,-10,228,396
6270,-16,-1856,-616,-53,224,431
6275,-16,-1912,-608,-76,223,454
6280,-24,-1928,-624,-83,226,468
6285,8,-1944,-600,-78,231,476
6290,32,-1872,-624,-61,241,474
6295,72,-1872,-600,-35,256,471
6300,112,-1800,-592,3,273,461
6305,136,-1728,-600,45,291,450
6310,152,-1672,-584,84,312,437
6315,176,-1592,-576,110,331,423
6320,184,-1576,-576,118,345,411
6325,136,-1552,-584,104,358,401
6330,88,-1520,-616,73,370,397
6335,64,-1544,-592,28,379,393
6340,-8,-1624,-624,-23,392,389
6345,-24,-1616,-576,-66,405,388
6350,-40,-1672,-544,-96,421,386
6355,-80,-1704,-520,-111,432,382
6360,-120,-1728,-496,-114,442,379
6365,-144,-1720,-496,-110,444,373
6370,-184,-1728,-472,-102,440,367
6375,-160,-1736,-472,-91,431,364
6380,-176,-1720,-464,-80,415,360
6385,-104,-1744,-472,-68,399,358
6390,-120,-1752,-448,-57,381,355
6395,-112,-1720,-464,-48,369,350
6400,-80,-1760,-448,-37,362,342
6405,-56,-1784,-432,-27,361,332
6410,-64,-1840,-376,-19,363,319
6415,-64,-1816,-368,-11,363,301
6420,-48,-1840,-448,-5,358,280
6425,-80,-1880,-416,0,345,256
6430,-104,-1848,-416,-1,329,235
6435,-96,-1920,-408,-4,313,212
6440,-112,-1920,-376,-5,304,195
6445,-128,-1896,-424,-3,301,174
6450,-128,-1848,-360,0,300,156
6455,-136,-1808,-360,2,300,136
6460,-128,-1792,-360,6,297,120
6465,-128,-1736,-344,12,293,108
6470,-104,-1704,-320,14,287,94
6475,-104,-1696,-328,10,280,84
6480,-72,-1680,-296,4,273,75
6485,-64,-1680,-280,-3,261,66
6490,-56,-1672,-224,-7,250,58
6495,-56,-1712,-192,-9,240,51
6500,-40,-1720,-184,-10,230,43
6505,-72,-1744,-216,-15,223,35
6510,-40,-1752,-192,-24,219,29
6515,-32,-1792,-224,-34,218,22
6520,-32,-1792,-216,-43,217,12
6525,-32,-1816,-232,-51,218,3
6530,-56,-1776,-264,-60,222,-7
6535,-48,-1816,-288,-66,230,-16
6540,-80,-1808,-256,-77,243,-27
6545,-88,-1816,-240,-88,254,-36
6550,-112,-1848,-272,-100,268,-43
6555,-96,-1872,-232,-114,279,-48
6560,-32,-1864,-232,-119,285,-52
6565,-112,-1904,-224,-115,282,-53
6570,-120,-1936,-224,-108,278,-52
6575,-120,-1976,-240,-97,275,-49
6580,-120,-1992,-280,-86,275,-43
6585,-88,-2048,-272,-77,275,-34
6590,-104,-2104,-272,-72,280,-23
6595,-96,-2136,-264,-61,287,-11
6600,-48,-2192,-248,-47,296,3
6605,-64,-2248,-264,-21,304,13
6610,-56,-2304,-312,11,307,22
6615,-56,-2328,-232,47,304,30
6620,-48,-2344,-248,82,297,33
6625,-72,-2360,-240,115,287,37
6630,-64,-2320,-256,143,274,38
6635,-96,-2312,-264,163,264,40
6640,-120,-2312,-232,176,259,40
6645,-152,-2224,-184,185,255,41
6650,-208,-2208,-128,193,247,42
6655,-208,-2184,-96,203,237,44
6660,-216,-2168,-88,213,225,50
6665,-272,-2144,-24,221,212,58
6670,-240,-2128,24,225,198,66
6675,-240,-2112,48,224,186,77
6680,-232,-2088,88,216,176,91
6685,-184,-2072,128,205,171,105
6690,-128,-2080,96,193,169,117
6695,-32,-2088,104,179,173,131
6700,-32,-2104,40,163,185,141
6705,16,-2112,-16,141,201,151
6710,-16,-2152,-184,100,221,162
6715,-80,-2200,-384,35,242,175
6720,-184,-2224,-520,-56,255,188
6725,-256,-2272,-600,-152,248,203
6730,-400,-2328,-664,-236,216,218
6735,-568,-2384,-720,-298,156,243
6740,-736,-2408,-712,-340,59,279
6745,-816,-2448,-696,-367,-77,318
6750,-920,-2528,-656,-366,-234,362
6755,-936,-2608,-600,-328,-387,408
6760,-952,-2680,-600,-257,-526,457
6765,-912,-2712,-672,-180,-648,510
6770,-904,-2728,-808,-117,-753,568
6775,-728,-2720,-952,-79,-838,614
6780,-552,-2712,-1080,-51,-900,641
6785,-352,-2696,-1168,-19,-932,649
6790,-144,-2664,-1248,32,-938,638
6795,8,-2624,-1304,103,-923,609
6800,192,-2552,-1384,183,-885,561
6805,408,-2456,-1424,270,-825,500
6810,624,-2296,-1432,350,-746,427
6815,720,-2136,-1368,417,-645,350
6820,848,-1944,-1344,459,-529,266
6825,888,-1688,-1288,468,-408,178
6830,928,-1632,-1184,444,-282,94
6835,880,-1544,-1104,394,-159,19
6840,848,-1480,-1080,330,-40,-38
6845,744,-1464,-1024,259,69,-78
6850,696,-1472,-960,191,163,-105
6855,624,-1520,-896,134,232,-128
6860,512,-1536,-856,91,273,-142
6865,424,-1576,-824,67,284,-154
6870,264,-1632,-808,58,274,-155
6875,120,-1680,-800,54,247,-152
6880,-8,-1792,-808,58,210,-143
6885,-120,-1832,-768,61,172,-128
6890,-208,-1864,-720,68,137,-116
6895,-312,-1920,-688,83,102,-105
6900,-392,-1888,-656,111,66,-100
6905,-432,-1912,-624,160,23,-100
6910,-464,-1864,-616,214,-23,-109
6915,-480,-1848,-648,260,-66,-126
6920,-496,-1808,-712,286,-99,-142
6925,-480,-1784,-736,291,-115,-160
6930,-432,-1752,-776,280,-119,-177
6935,-352,-1744,-736,263,-111,-195
6940,-272,-1712,-712,242,-102,-213
6945,-192,-1728,-672,230,-95,-235
6950,-96,-1720,-624,222,-92,-260
6955,-32,-1704,-592,215,-89,-283
6960,32,-1736,-552,214,-86,-308
6965,104,-1720,-536,216,-87,-334
6970,128,-1712,-464,215,-90,-360
6975,136,-1680,-520,215,-93,-378
6980,136,-1648,-512,207,-96,-388
6985,104,-1656,-552,190,-99,-389
6990,64,-1624,-536,161,-104,-381
6995,32,-1632,-528,121,-112,-368
7000,-16,-1600,-560,68,-125,-351
7005,-32,-1608,-552,11,-144,-331
7010,-88,-1616,-544,-48,-165,-316
7015,-96,-1632,-568,-99,-190,-303
7020,-96,-1616,-536,-145,-215,-297
7025,-104,-1608,-552,-182,-239,-297
7030,-88,-1656,-544,-213,-266,-306
7035,-32,-1632,-520,-241,-286,-313
7040,-32,-1640,-544,-268,-303,-330
7045,-8,-1672,-496,-297,-314,-345
7050,64,-1664,-496,-326,-321,-365
7055,96,-1680,-496,-358,-326,-382
7060,152,-1672,-520,-394,-333,-398
7065,152,-1680,-520,-433,-340,-409
7070,200,-1704,-488,-469,-349,-416
7075,224,-1744,-488,-492,-360,-421
7080,208,-1752,-456,-498,-367,-419
7085,216,-1800,-456,-487,-369,-413
7090,184,-1800,-488,-463,-367,-401
7095,152,-1824,-416,-432,-360,-381
7100,128,-1848,-448,-393,-350,-359
7105,104,-1808,-464,-350,-340,-334
7110,48,-1808,-448,-306,-329,-306
7115,64,-1800,-456,-263,-318,-278
7120,32,-1760,-456,-218,-309,-251
7125,40,-1760,-472,-183,-304,-230
7130,40,-1688,-472,-158,-297,-211
7135,24,-1720,-504,-148,-288,-194
7140,56,-1680,-504,-153,-278,-181
7145,64,-1680,-536,-171,-264,-170
7150,72,-1616,-568,-195,-252,-159
7155,80,-1656,-512,-217,-243,-151
7160,88,-1688,-416,-233,-235,-142
7165,96,-1656,-464,-235,-226,-135
7170,88,-1672,-448,-230,-217,-130
7175,96,-1656,-472,-221,-204,-125
7180,56,-1632,-408,-211,-191,-118
7185,80,-1616,-432,-204,-178,-111
7190,88,-1600,-480,-199,-168,-103
7195,80,-1608,-424,-202,-161,-95
7200,72,-1608,-448,-213,-153,-88
7205,48,-1576,-456,-226,-143,-81
7210,64,-1648,-472,-242,-130,-73
7215,72,-1648,-440,-257,-116,-63
7220,88,-1680,-440,-267,-104,-54
7225,96,-1704,-448,-268,-90,-44
7230,136,-1744,-496,-262,-77,-36
7235,144,-1768,-464,-252,-70,-31
7240,152,-1848,-464,-236,-67,-28
7245,208,-1856,-424,-218,-68,-28
7250,208,-1864,-440,-198,-73,-31
7255,200,-1920,-424,-176,-82,-34
7260,216,-1896,-408,-156,-91,-42
7265,232,-1960,-408,-137,-96,-47
7270,232,-1960,-416,-121,-100,-53
7275,176,-1928,-408,-109,-102,-57
7280,192,-1928,-432,-100,-101,-61
7285,152,-1904,-440,-98,-100,-61
7290,128,-1928,-440,-97,-92,-59
7295,144,-1896,-472,-102,-79,-54
7300,112,-1880,-496,-114,-58,-49
7305,104,-1856,-496,-131,-34,-46
7310,120,-1896,-520,-155,-1,-44
7315,80,-1896,-456,-181,22,-45
7320,128,-1880,-496,-203,39,-45
7325,120,-1904,-480,-218,53,-46
7330,144,-1976,-448,-228,65,-49
7335,152,-2008,-448,-233,78,-55
7340,136,-2048,-440,-236,92,-63
7345,184,-2112,-400,-245,102,-69
7350,136,-2160,-408,-262,106,-76
7355,144,-2232,-416,-277,102,-87
7360,120,-2312,-368,-288,88,-96
7365,80,-2392,-360,-287,67,-111
7370,88,-2448,-320,-274,47,-126
7375,-8,-2536,-312,-251,33,-144
7380,-32,-2568,-248,-218,28,-162
7385,-56,-2624,-216,-177,25,-184
7390,-56,-2632,-192,-138,19,-204
7395,-104,-2656,-176,-101,2,-225
7400,-112,-2664,-120,-68,-27,-248
7405,-112,-2648,-104,-40,-66,-271
7410,-96,-2656,-80,-14,-109,-288
7415,-40,-2624,-80,14,-144,-306
7420,-32,-2576,-8,43,-167,-320
7425,24,-2576,0,74,-177,-330
7430,48,-2504,8,101,-177,-342
7435,112,-2440,8,126,-169,-353
7440,192,-2400,40,151,-145,-357
7445,272,-2368,8,178,-101,-356
7450,352,-2336,-16,200,-32,-355
7455,424,-2312,-72,214,49,-359
7460,544,-2280,-144,203,132,-369
7465,552,-2280,-328,161,203,-388
7470,544,-2272,-480,85,243,-411
7475,592,-2248,-664,-19,240,-432
7480,568,-2240,-728,-140,209,-447
7485,584,-2296,-816,-256,178,-456
7490,584,-2296,-936,-357,172,-460
7495,576,-2272,-1032,-425,191,-462
7500,584,-2280,-1072,-465,234,-461
7505,568,-2264,-1184,-484,298,-461
7510,544,-2248,-1232,-493,376,-462
7515,552,-2232,-1336,-494,467,-463
7520,544,-2224,-1408,-483,560,-464
7525,488,-2232,-1424,-466,648,-462
7530,416,-2216,-1512,-436,718,-455
7535,384,-2136,-1504,-387,765,-434
7540,336,-2136,-1472,-320,789,-406
7545,208,-2048,-1344,-234,791,-375
7550,152,-1976,-1272,-130,768,-343
7555,16,-1816,-1128,-8,724,-305
7560,-40,-1728,-992,124,657,-253
7565,-136,-1552,-888,251,568,-186
7570,-216,-1480,-840,360,458,-105
7575,-240,-1416,-832,428,336,-10
7580,-256,-1392,-824,440,209,92
7585,-272,-1376,-840,404,81,192
7590,-304,-1312,-824,348,-39,292
7595,-240,-1328,-888,286,-141,383
7600,-136,-1376,-912,226,-206,462
7605,0,-1432,-928,170,-222,530
7610,168,-1528,-864,121,-187,574
7615,392,-1640,-856,83,-116,590
7620,504,-1720,-792,54,-31,578
7625,576,-1800,-776,37,43,541
7630,648,-1808,-640,29,98,491
7635,704,-1760,-656,35,126,438
7640,704,-1720,-608,58,145,402
7645,720,-1592,-616,97,163,385
7650,664,-1528,-600,147,192,385
7655,600,-1432,-592,190,232,399
7660,472,-1288,-616,214,269,431
7665,336,-1216,-648,208,300,468
7670,232,-1192,-656,171,318,514
7675,96,-1208,-672,108,329,562
7680,16,-1256,-664,25,335,608
7685,-40,-1368,-688,-56,349,647
7690,-88,-1464,-656,-136,365,674
7695,-160,-1560,-576,-178,381,690
7700,-152,-1720,-512,-186,388,693
7705,-136,-1872,-464,-161,387,687
7710,-144,-1960,-432,-111,385,679
7715,-88,-2048,-368,-39,385,664
7720,-32,-2104,-336,44,394,646
7725,-16,-2104,-320,130,408,626
7730,0,-2096,-352,217,430,603
7735,32,-2056,-328,296,454,581
7740,72,-2040,-312,369,483,559
7745,152,-1952,-352,432,514,540
7750,176,-1968,-304,489,550,520
7755,192,-1960,-304,538,589,500
7760,224,-2000,-296,564,625,481
7765,240,-2032,-296,565,662,459
7770,312,-2112,-280,536,700,425
7775,312,-2208,-128,495,733,376
7780,232,-2296,-24,474,751,323
7785,176,-2384,24,468,756,281
7790,144,-2456,8,474,782,255
7795,80,-2408,56,522,855,239
7800,-88,-2232,136,611,908,250
7805,-248,-1912,304,707,830,322
7810,-392,-1640,288,762,578,451
7815,-520,-1216,-40,723,205,626
7820,-624,-800,-576,540,-140,851
7825,-856,-432,-1128,183,-243,1123
7830,-1168,-248,-1496,-315,-10,1413
7835,-1352,-248,-1624,-873,439,1657
7840,-1488,-384,-1568,-1376,837,1779
7845,-1360,-752,-1320,-1710,955,1744
7850,-1032,-1088,-1248,-1814,766,1583
7855,-544,-1280,-1256,-1698,436,1351
7860,264,-1512,-1312,-1396,164,1086
7865,1000,-1496,-1352,-1046,18,805
7870,1568,-1352,-1232,-818,-41,548
7875,1920,-1264,-1128,-754,-35,338
7880,2016,-1256,-1048,-748,51,151
7885,1792,-1320,-1112,-678,242,-6
7890,1272,-1336,-1416,-538,536,-116
7895,664,-1208,-1712,-430,893,-145
7900,160,-1048,-1832,-371,1237,-103
7905,-128,-1024,-1832,-342,1469,-30
7910,-368,-984,-1608,-296,1564,53
7915,-608,-1016,-1520,-223,1558,153
7920,-792,-1032,-1360,-159,1497,257
7925,-936,-1032,-1264,-159,1401,339
7930,-1048,-1032,-1240,-244,1272,377
7935,-1184,-1088,-1344,-407,1102,365
7940,-1296,-1248,-1432,-613,890,318
7945,-1384,-1392,-1440,-823,641,237
7950,-1368,-1544,-1464,-1011,385,144
7955,-1224,-1776,-1384,-1153,168,48
7960,-1008,-1920,-1376,-1225,12,-48
7965,-760,-2008,-1272,-1242,-109,-132
7970,-536,-1928,-1272,-1233,-220,-208
7975,-344,-1832,-1256,-1227,-316,-258
7980,-152,-1736,-1184,-1251,-364,-290
7985,112,-1680,-1120,-1306,-347,-315
7990,256,-1656,-1048,-1387,-286,-343
7995,416,-1672,-1032,-1471,-222,-372
8000,456,-1752,-1056,-1543,-186,-397
8005,496,-1928,-1080,-1595,-169,-415
8010,440,-2040,-1136,-1641,-157,-433
8015,432,-2160,-1224,-1688,-130,-420
8020,408,-2288,-1192,-1735,-79,-352
8025,416,-2456,-1192,-1778,-4,-266
8030,384,-2576,-1152,-1799,85,-176
8035,360,-2712,-1104,-1782,192,-87
8040,312,-2816,-1040,-1729,276,-4
8045,320,-2880,-984,-1634,360,74
8050,224,-2912,-920,-1476,437,136
8055,96,-2920,-848,-1334,511,183
8060,-16,-2912,-720,-1194,584,213
8065,-152,-2840,-656,-1060,638,237
8070,-256,-2824,-616,-922,676,252
8075,-384,-2768,-480,-771,696,258
8080,-544,-2728,-368,-607,704,270
8085,-704,-2656,-184,-453,696,283
8090,-920,-2560,-56,-321,654,296
8095,-1032,-2464,40,-209,574,320
8100,-1144,-2328,56,-118,457,350
8105,-1248,-2120,16,-60,307,385
8110,-1240,-1968,-24,-46,139,427
8115,-1208,-1856,-120,-73,-35,471
8120,-1112,-1752,-112,-122,-202,519
8125,-968,-1656,-224,-174,-351,564
8130,-768,-1648,-216,-217,-473,598
8135,-584,-1648,-216,-244,-561,613
8140,-416,-1672,-208,-247,-616,615
8145,-200,-1720,-112,-232,-641,608
8150,-48,-1760,0,-199,-630,584
8155,16,-1792,200,-140,-605,546
8160,120,-1792,352,-50,-572,499
8165,176,-1808,480,70,-519,452
8170,336,-1768,608,217,-451,408
8175,448,-1680,576,375,-373,363
8180,648,-1560,336,518,-311,299
8185,752,-1432,-16,613,-304,190
8190,752,-1104,-816,640,-382,31
8195,712,-776,-1944,581,-584,-185
8200,400,-304,-2416,456,-855,-486
8205,-176,112,-3176,258,-956,-794
8210,-336,136,-3576,-36,-841,-969
8215,-440,-144,-3384,-364,-503,-1069
8220,-672,-672,-2656,-581,-46,-1183
8225,-840,-1520,-1632,-579,318,-1249
8230,-1000,-2496,-720,-330,525,-1228
8235,-1208,-3144,-32,149,643,-1144
8240,-1368,-3904,496,800,641,-975
8245,-1096,-4336,-208,1469,433,-715
8250,-584,-4264,-1848,1921,58,-418
8255,-32,-3800,-3704,1967,-318,-126
8260,448,-3432,-4752,1527,-525,148
8265,1072,-2936,-5056,736,-545,373
8270,1592,-2408,-4304,-56,-498,459
8275,1840,-2016,-3336,-534,-485,362
8280,1824,-1960,-2784,-684,-539,181
8285,1816,-2080,-2184,-635,-608,-14
8290,1704,-2224,-1808,-522,-627,-227
8295,1560,-2312,-1592,-438,-551,-452
8300,1280,-2328,-1576,-420,-369,-663
8305,1032,-2376,-1584,-471,-108,-835
8310,672,-2448,-1688,-586,169,-953
8315,392,-2560,-1816,-747,390,-1012
8320,144,-2832,-1936,-913,527,-1018
8325,-64,-3072,-1984,-1046,597,-976
8330,-216,-3280,-1952,-1114,615,-903
8335,-408,-3424,-1968,-1104,603,-805
8340,-400,-3496,-1824,-1013,562,-712
8345,-408,-3488,-1648,-842,491,-639
8350,-344,-3384,-1528,-597,403,-607
8355,-352,-3144,-1384,-310,325,-628
8360,-376,-2936,-1192,-40,273,-664
8365,-424,-2704,-1080,155,243,-687
8370,-480,-2560,-896,236,223,-686
8375,-520,-2416,-744,204,191,-679
8380,-512,-2336,-600,94,146,-685
8385,-520,-2272,-520,-48,91,-694
8390,-544,-2192,-456,-180,24,-692
8395,-536,-2160,-392,-281,-61,-682
8400,-496,-2192,-440,-338,-127,-672
8405,-448,-2200,-416,-349,-187,-671
8410,-352,-2168,-408,-319,-240,-681
8415,-288,-2160,-408,-238,-279,-710
8420,-136,-2080,-400,-140,-298,-755
8425,-96,-2000,-368,-35,-303,-827
8430,-80,-1832,-312,66,-299,-913
8435,-64,-1632,-264,161,-291,-983
8440,-112,-1424,-216,247,-279,-1013
8445,-40,-1240,-120,321,-261,-1017
8450,-40,-1024,-72,383,-233,-1015
8455,-48,-744,-48,426,-207,-1008
8460,8,-568,8,447,-183,-978
8465,16,-376,40,439,-165,-932
8470,96,-248,64,406,-159,-875
8475,176,-104,72,363,-163,-815
8480,216,32,80,311,-164,-744
8485,312,16,112,264,-162,-663
8490,376,16,112,235,-152,-587
8495,352,-96,104,240,-133,-516
8500,312,-200,80,269,-113,-445
8505,240,-384,80,322,-109,-366
8510,144,-568,120,403,-121,-279
8515,40,-776,232,508,-148,-215
8520,-48,-960,320,641,-188,-177
8525,-176,-1104,416,812,-234,-142
8530,-304,-1240,488,1021,-267,-116
8535,-416,-1352,592,1263,-275,-101
8540,-464,-1352,688,1534,-260,-96
8545,-552,-1360,696,1806,-224,-115
8550,-504,-1264,744,2065,-175,-144
8555,-480,-1104,632,2299,-126,-174
8560,-448,-896,592,2498,-95,-200
8565,-368,-728,512,2652,-105,-225
8570,-328,-512,360,2749,-172,-244
8575,-256,-280,88,2786,-289,-236
8580,-200,-24,-200,2754,-407,-196
8585,0,184,-576,2655,-492,-102
8590,160,368,-896,2500,-521,36
8595,472,552,-1368,2296,-507,195
8600,840,696,-1912,2017,-496,342
8605,1120,688,-2744,1651,-528,449
8610,1408,688,-3656,1248,-564,506
8615,1992,480,-4904,891,-467,573
8620,2656,-80,-5864,708,-12,680
8625,3584,-840,-6312,763,869,660
8630,4936,-1784,-6160,737,1719,308
8635,4272,-2544,-4944,361,2052,-361
8640,1640,-3648,-2384,-114,1634,-1186
8645,1120,-5208,-128,-275,774,-1732
8650,1416,-6880,1280,86,105,-1882
8655,1216,-7920,1152,842,-219,-2144
8660,440,-7696,-368,1677,-36,-2672
8665,-800,-6568,-3440,2326,867,-2939
8670,-1688,-5120,-5344,2545,2107,-2733
8675,-3040,-3576,-5520,2227,2736,-2315
8680,-4016,-2416,-4664,1515,2263,-1696
8685,-3880,-1976,-3848,720,1110,-885
8690,-3096,-1784,-2856,155,-64,-90
8695,-2080,-1744,-2032,-32,-914,479
8700,-912,-1704,-1432,82,-1403,807
8705,-48,-1656,-1312,296,-1618,968
8710,888,-1680,-1304,424,-1629,992
8715,1464,-1720,-1320,400,-1519,891
8720,1736,-1768,-1528,257,-1364,698
8725,1832,-1816,-1808,37,-1237,471
8730,1880,-1984,-2008,-235,-1136,267
8735,1880,-2280,-2104,-551,-1016,112
8740,1784,-2608,-1952,-865,-852,5
8745,1648,-2984,-1648,-1096,-666,-40
8750,1440,-3248,-1344,-1173,-501,-26
8755,1344,-3488,-1128,-1097,-383,47
8760,1200,-3648,-888,-898,-316,151
8765,1176,-3648,-752,-625,-279,247
8770,1032,-3528,-664,-337,-252,307
8775,776,-3296,-616,-87,-215,340
8780,528,-3136,-584,108,-168,367
8785,160,-2952,-520,162,-123,401
8790,-152,-2840,-448,132,-89,450
8795,-488,-2760,-352,51,-71,516
8800,-680,-2736,-320,-32,-57,600
8805,-776,-2648,-272,-84,-47,682
8810,-784,-2480,-200,-87,-42,733
8815,-648,-2320,-208,-27,-48,766
8820,-528,-2056,-160,77,-62,792
8825,-424,-1840,-168,216,-74,830
8830,-224,-1560,-152,362,-75,873
8835,-64,-1264,-184,476,-69,913
8840,80,-992,-200,538,-54,950
8845,240,-752,-216,541,-40,993
8850,360,-600,-224,486,-28,1034
8855,536,-480,-152,388,-22,1055
8860,704,-408,-160,259,-24,1048
8865,736,-384,-128,117,-22,1022
8870,784,-392,-8,-17,-8,983
8875,800,-464,-8,-111,12,923
8880,744,-528,88,-150,41,853
8885,680,-648,184,-127,70,765
8890,560,-792,264,-41,106,672
8895,464,-888,320,97,151,578
8900,328,-1024,400,264,198,490
8905,160,-1128,424,455,260,411
8910,32,-1288,384,649,333,357
8915,-8,-1408,400,842,413,322
8920,-48,-1488,384,1020,493,294
8925,-64,-1592,432,1189,572,272
8930,-136,-1576,424,1347,640,256
8935,-136,-1600,448,1500,683,245
8940,-176,-1544,448,1656,696,240
8945,-184,-1480,448,1815,681,234
8950,-200,-1280,456,1968,636,233
8955,-216,-1040,472,2112,569,237
8960,-248,-768,408,2243,486,249
8965,-280,-576,320,2356,401,264
8970,-272,-256,160,2434,329,282
8975,-288,24,-56,2466,287,312
8980,-264,200,-256,2435,285,339
8985,-216,488,-416,2333,310,349
8990,-160,608,-576,2171,352,339
8995,-160,696,-824,1945,408,321
9000,16,728,-1088,1661,477,312
9005,136,632,-1288,1345,525,243
9010,32,448,-1552,988,539,127
9015,-104,264,-1776,581,539,34
9020,-264,-16,-2016,155,533,10
9025,-408,-320,-2240,-240,503,39
9030,-544,-680,-2472,-576,441,89
9035,-680,-1136,-2592,-841,360,163
9040,-776,-1488,-2592,-1033,292,271
9045,-816,-2032,-2456,-1154,273,418
9050,-808,-2632,-2232,-1204,298,601
9055,-784,-3296,-2032,-1173,348,824
9060,-672,-3816,-1848,-1079,377,1093
9065,-456,-4488,-1712,-952,341,1395
9070,-16,-5016,-1576,-794,227,1711
9075,704,-5416,-1496,-580,38,2008
9080,1376,-5520,-1616,-267,-201,2219
9085,1672,-5488,-1904,143,-434,2308
9090,1968,-5072,-2432,567,-598,2293
9095,1952,-4584,-2848,904,-646,2217
9100,1904,-4200,-2896,1116,-550,2093
9105,1720,-3896,-2776,1213,-318,1830
9110,1456,-3688,-2496,1230,-7,1510
9115,992,-3416,-2176,1207,317,1174
9120,472,-3184,-1856,1163,611,858
9125,-16,-2968,-1600,1091,862,573
9130,-520,-2688,-1512,993,962,320
9135,-784,-2552,-1312,885,983,105
9140,-1176,-2336,-1320,737,944,-68
9145,-1352,-2104,-1216,596,866,-192
9150,-1400,-1960,-1112,438,770,-270
9155,-1336,-1888,-1040,264,673,-312
9160,-1224,-1808,-848,91,577,-334
9165,-1080,-1768,-720,-59,471,-370
9170,-992,-1784,-696,-193,347,-430
9175,-888,-1752,-656,-321,206,-508
9180,-768,-1816,-640,-446,56,-583
9185,-592,-1872,-624,-569,-83,-642
9190,-440,-1992,-608,-694,-194,-684
9195,-352,-2128,-552,-818,-276,-717
9200,-272,-2288,-464,-924,-338,-737
9205,-256,-2352,-352,-990,-393,-755
9210,-248,-2440,-280,-1001,-465,-761
9215,-264,-2464,-232,-955,-552,-757
9220,-256,-2440,-232,-870,-647,-741
9225,-272,-2352,-200,-753,-751,-725
9230,-296,-2216,-168,-616,-866,-712
9235,-360,-2064,-200,-466,-984,-701
9240,-456,-1784,-216,-330,-1097,-693
9245,-520,-1600,-344,-219,-1205,-682
9250,-536,-1368,-296,-146,-1304,-676
9255,-552,-1120,-392,-125,-1391,-680
9260,-608,-872,-456,-151,-1468,-692
9265,-584,-648,-448,-219,-1535,-713
9270,-608,-472,-464,-319,-1588,-747
9275,-600,-336,-440,-434,-1629,-789
9280,-664,-256,-368,-541,-1662,-829
9285,-624,-256,-352,-630,-1699,-854
9290,-560,-296,-304,-698,-1726,-881
9295,-536,-328,-312,-754,-1734,-920
9300,-448,-392,-344,-800,-1730,-947
9305,-384,-512,-248,-833,-1720,-961
9310,-272,-672,-256,-855,-1704,-962
9315,-160,-808,-264,-860,-1684,-959
9320,-72,-936,-216,-852,-1666,-946
9325,8,-1080,-216,-822,-1643,-928
9330,96,-1232,-224,-773,-1618,-903
9335,192,-1376,-168,-694,-1592,-883
9340,336,-1440,-128,-586,-1566,-862
9345,376,-1520,-96,-444,-1538,-842
9350,424,-1584,-48,-276,-1508,-824
9355,520,-1568,-24,-99,-1473,-806
9360,568,-1552,16,81,-1428,-787
9365,600,-1552,16,259,-1372,-763
9370,632,-1560,0,414,-1311,-725
9375,688,-1552,-8,544,-1245,-676
9380,744,-1552,-80,649,-1168,-626
9385,768,-1568,-112,719,-1077,-574
9390,776,-1608,-176,755,-978,-519
9395,816,-1616,-168,773,-872,-463
9400,832,-1688,-168,777,-763,-413
9405,808,-1784,-72,775,-649,-366
9410,848,-1776,-32,770,-539,-322
9415,840,-1840,32,764,-435,-283
9420,824,-1848,-8,760,-323,-254
9425,832,-1880,-40,745,-197,-236
9430,800,-1856,-128,703,-55,-217
9435,784,-1824,-240,619,85,-197
9440,736,-1824,-280,497,199,-180
9445,720,-1752,-304,347,272,-159
9450,696,-1800,-272,199,304,-137
9455,600,-1816,-168,77,306,-113
9460,560,-1912,-40,10,303,-86
9465,536,-1984,-8,-1,313,-46
9470,504,-2064,16,26,347,-10
9475,480,-2168,-80,66,401,26
9480,504,-2296,-320,82,465,62
9485,512,-2392,-544,46,538,100
9490,608,-2536,-848,-52,585,136
9495,496,-2664,-1296,-209,614,134
9500,272,-2784,-1832,-482,648,79
9505,112,-2944,-2152,-770,689,15
9510,64,-3120,-2112,-1008,719,-49
9515,192,-3552,-1680,-1035,755,-142
9520,496,-3936,-1272,-789,821,-299
9525,736,-4144,-1112,-356,919,-523
9530,776,-4216,-1024,120,1016,-779
9535,632,-4136,-1048,527,1066,-1046
9540,432,-3888,-1072,825,1026,-1295
9545,224,-3528,-1224,1033,905,-1506
9550,-40,-3104,-1448,1194,747,-1675
9555,-400,-2712,-1632,1308,620,-1799
9560,-744,-2448,-1776,1360,551,-1870
9565,-1216,-2032,-1784,1339,508,-1866
9570,-1680,-1704,-1712,1261,434,-1779
9575,-1992,-1448,-1592,1158,279,-1615
9580,-2128,-1336,-1536,1052,52,-1389
9585,-2096,-1264,-1480,945,-207,-1110
9590,-1704,-1384,-1488,832,-460,-801
9595,-1224,-1624,-1464,695,-688,-551
9600,-880,-1872,-1408,534,-878,-372
9605,-632,-2064,-1336,391,-1013,-237
9610,-392,-2240,-1272,287,-1098,-125
9615,-128,-2400,-1200,225,-1146,-29
9620,16,-2416,-1216,183,-1175,51
9625,224,-2368,-1184,130,-1195,116
9630,416,-2312,-1176,51,-1202,179
9635,632,-2192,-1152,-47,-1176,232
9640,880,-2032,-1104,-147,-1105,272
9645,1064,-1832,-1000,-231,-982,304
9650,1200,-1632,-976,-295,-822,323
9655,1264,-1496,-920,-335,-637,335
9660,1248,-1336,-864,-353,-443,347
9665,1240,-1176,-832,-361,-251,370
9670,1104,-1040,-776,-375,-66,400
9675,1056,-1008,-720,-397,107,453
9680,952,-984,-704,-429,260,526
9685,848,-1032,-624,-473,399,617
9690,784,-1136,-576,-519,518,710
9695,688,-1240,-560,-560,622,793
9700,648,-1312,-536,-592,706,853
9705,536,-1400,-480,-611,767,891
9710,472,-1448,-544,-613,805,908
9715,392,-1424,-504,-594,828,920
9720,384,-1408,-608,-552,849,929
9725,360,-1392,-592,-496,883,932
9730,320,-1312,-616,-435,939,936
9735,288,-1256,-624,-380,1012,935
9740,288,-1232,-600,-332,1086,935
9745,272,-1224,-592,-297,1148,931
9750,272,-1192,-568,-271,1193,924
9755,248,-1192,-504,-251,1218,913
9760,224,-1200,-568,-241,1232,896
9765,208,-1248,-560,-245,1243,867
9770,168,-1296,-592,-253,1255,832
9775,104,-1320,-624,-273,1273,789
9780,40,-1368,-664,-295,1292,737
9785,-24,-1472,-664,-317,1309,679
9790,-96,-1536,-672,-336,1321,618
9795,-144,-1592,-624,-354,1323,563
9800,-200,-1680,-576,-367,1316,518
9805,-264,-1760,-568,-383,1301,482
9810,-336,-1832,-512,-399,1286,451
9815,-368,-1912,-496,-411,1268,427
9820,-448,-1968,-448,-414,1245,412
9825,-552,-2016,-496,-408,1218,411
9830,-608,-2048,-464,-393,1189,417
9835,-680,-2120,-464,-365,1153,424
9840,-736,-2144,-456,-329,1110,433
9845,-736,-2176,-416,-286,1053,440
9850,-800,-2176,-432,-241,990,433
9855,-768,-2160,-384,-197,922,422
9860,-696,-2160,-336,-151,850,410
9865,-656,-2112,-320,-102,763,396
9870,-576,-2096,-280,-50,693,383
9875,-496,-2120,-248,1,624,368
9880,-384,-2088,-216,62,557,354
9885,-312,-2064,-144,112,492,340
9890,-240,-2088,-200,155,429,327
9895,-160,-2056,-232,187,372,316
9900,-120,-2016,-256,210,324,308
9905,-40,-2008,-272,231,281,303
9910,-24,-2000,-296,249,246,296
9915,-8,-1984,-296,262,219,290
9920,40,-1960,-280,269,206,284
9925,80,-1976,-296,270,206,276
9930,128,-1920,-296,261,217,261
9935,136,-1968,-248,250,234,247
9940,104,-1968,-184,242,256,222
9945,88,-2008,-152,243,279,196
9950,24,-2040,-104,249,309,163
9955,-32,-2072,-72,255,343,128
9960,-72,-2088,-136,261,382,96
9965,-160,-2096,-128,265,420,67
9970,-256,-2112,-152,264,454,44
9975,-368,-2064,-200,260,479,26
9980,-448,-2032,-176,254,491,12
9985,-512,-2008,-208,245,487,2
9990,-512,-1936,-184,239,464,-5
9995,-560,-1904,-144,231,423,-11
10000,-544,-1872,-104,225,369,-11
10005,-552,-1832,-96,219,309,-5
10010,-544,-1800,-64,213,250,5
10015,-504,-1824,-56,206,201,14
10020,-464,-1848,-152,189,165,29
10025,-392,-1888,-280,158,140,51
10030,-280,-1968,-448,116,132,77
10035,-216,-2088,-560,67,148,107
10040,-224,-2256,-704,14,195,136
10045,-328,-2352,-1008,-80,243,168
10050,-456,-2464,-1160,-229,223,211
10055,-576,-2512,-1200,-392,78,270
10060,-720,-2664,-1088,-488,-174,339
10065,-808,-2840,-936,-472,-467,412
10070,-888,-2976,-784,-347,-746,491
10075,-912,-3064,-712,-151,-974,577
10080,-856,-3096,-752,69,-1122,674
10085,-752,-3088,-816,273,-1176,761
10090,-560,-3064,-896,442,-1148,826
10095,-312,-2976,-1016,573,-1066,864
10100,-80,-2896,-1128,671,-959,881
10105,192,-2720,-1272,734,-860,879
10110,512,-2552,-1416,762,-781,854
10115,848,-2328,-1592,753,-699,812
10120,1208,-2080,-1664,712,-587,754
10125,1448,-1944,-1640,659,-441,671
10130,1664,-1728,-1544,606,-276,554
10135,1736,-1544,-1456,566,-115,406
10140,1680,-1424,-1312,546,29,247
10145,1496,-1312,-1200,540,160,89
10150,1360,-1312,-1104,528,291,-43
10155,1192,-1336,-1040,496,426,-140
10160,952,-1376,-912,440,560,-218
10165,728,-1480,-848,369,679,-279
10170,488,-1584,-800,284,780,-314
10175,288,-1688,-784,199,843,-318
10180,16,-1816,-776,121,867,-304
10185,-208,-1928,-752,65,850,-273
10190,-432,-2032,-760,37,799,-234
10195,-568,-2048,-808,37,716,-188
10200,-744,-2088,-768,63,609,-141
10205,-896,-2048,-752,108,483,-102
10210,-1016,-1976,-696,170,347,-74
10215,-1016,-1944,-688,235,208,-60
10220,-960,-1904,-664,294,74,-62
10225,-848,-1832,-648,335,-45,-90
10230,-720,-1768,-680,358,-147,-128
10235,-584,-1704,-712,364,-223,-176
10240,-464,-1672,-736,351,-289,-231
10245,-360,-1680,-760,324,-329,-290
10250,-256,-1632,-688,290,-361,-349
10255,-184,-1672,-672,245,-390,-407
10260,-88,-1672,-608,184,-414,-462
10265,-56,-1736,-608,133,-438,-513
10270,-8,-1744,-536,96,-454,-555
10275,24,-1760,-520,75,-465,-590
10280,72,-1744,-488,72,-469,-613
10285,128,-1792,-472,82,-467,-624
10290,136,-1768,-480,101,-465,-627
10295,120,-1736,-504,119,-466,-624
10300,144,-1752,-536,132,-474,-611
10305,144,-1736,-504,140,-486,-595
10310,88,-1704,-520,141,-499,-575
10315,88,-1704,-528,138,-515,-552
10320,88,-1720,-600,130,-532,-530
10325,48,-1696,-544,126,-557,-506
10330,32,-1688,-576,128,-582,-485
10335,40,-1696,-568,131,-609,-468
10340,64,-1720,-544,134,-637,-459
10345,80,-1728,-560,136,-667,-454
10350,104,-1696,-560,138,-694,-452
10355,144,-1680,-536,138,-717,-455
10360,152,-1672,-560,134,-732,-459
10365,192,-1656,-528,126,-739,-465
10370,248,-1664,-544,114,-740,-471
10375,280,-1656,-552,99,-735,-475
10380,256,-1624,-480,86,-727,-478
10385,296,-1624,-512,72,-718,-478
10390,248,-1568,-528,57,-710,-472
10395,240,-1568,-528,39,-697,-461
10400,248,-1616,-504,21,-682,-444
10405,208,-1608,-536,-2,-663,-421
10410,224,-1656,-480,-31,-644,-393
10415,208,-1696,-480,-57,-630,-362
10420,200,-1752,-384,-72,-620,-330
10425,176,-1792,-384,-79,-618,-298
10430,200,-1792,-320,-74,-623,-271
10435,200,-1856,-288,-55,-629,-246
10440,224,-1864,-288,-28,-635,-227
10445,216,-1848,-264,4,-636,-209
10450,248,-1872,-288,34,-633,-193
10455,248,-1872,-272,62,-626,-182
10460,264,-1880,-256,78,-615,-171
10465,272,-1912,-248,87,-602,-161
10470,232,-1888,-272,91,-591,-151
10475,224,-1880,-280,100,-578,-143
10480,312,-1856,-224,115,-565,-135
10485,216,-1880,-200,130,-554,-127
10490,184,-1840,-208,152,-543,-122
10495,168,-1808,-176,169,-533,-111
10500,144,-1776,-224,182,-529,-103
10505,152,-1752,-184,183,-529,-90
10510,128,-1712,-192,173,-528,-79
10515,104,-1680,-216,154,-529,-66
10520,176,-1712,-200,128,-527,-54
10525,200,-1736,-200,99,-523,-40
10530,216,-1760,-184,71,-510,-27
10535,272,-1848,-160,51,-491,-16
10540,280,-1888,-176,40,-467,-8
10545,328,-1976,-104,42,-443,-3
10550,368,-2040,-96,53,-424,1
10555,352,-2096,-80,75,-407,-3
10560,376,-2120,-88,101,-395,-9
10565,360,-2152,-112,130,-381,-12
10570,336,-2152,-120,160,-365,-17
10575,384,-2176,-168,188,-341,-21
10580,336,-2160,-160,216,-306,-24
10585,304,-2104,-184,241,-268,-24
10590,280,-2080,-168,263,-225,-30
10595,304,-2056,-120,283,-185,-34
10600,344,-2056,-72,298,-146,-38
10605,360,-2040,-56,309,-112,-46
10610,360,-2032,-40,314,-71,-58
10615,368,-2000,8,308,-44,-73
10620,416,-1992,72,298,-19,-89
10625,392,-2000,136,280,2,-106
10630,400,-2000,144,265,22,-126
10635,408,-2024,184,248,41,-146
10640,344,-2000,200,227,57,-167
10645,368,-2032,64,203,71,-185
10650,304,-2088,112,180,87,-196
10655,216,-2160,16,156,102,-208
10660,128,-2256,-96,121,106,-230
10665,32,-2400,-368,49,89,-261
10670,0,-2440,-536,-72,59,-290
10675,32,-2552,-760,-230,45,-313
10680,136,-2656,-856,-372,71,-337
10685,280,-2832,-792,-441,141,-378
10690,432,-3032,-720,-416,237,-444
10695,528,-3168,-688,-319,342,-527
10700,720,-3176,-688,-177,441,-614
10705,808,-3168,-664,-13,533,-694
10710,800,-3040,-640,154,604,-767
10715,776,-2912,-712,313,640,-817
10720,688,-2728,-808,452,635,-845
10725,536,-2504,-920,561,595,-854
10730,392,-2256,-1032,626,530,-834
10735,136,-2040,-1104,650,440,-788
10740,-16,-1832,-1152,644,335,-717
10745,-224,-1600,-1176,618,231,-625
10750,-416,-1464,-1176,581,138,-518
10755,-592,-1312,-1152,525,64,-401
10760,-728,-1256,-1128,451,1,-281
10765,-784,-1272,-1048,363,-61,-168
10770,-800,-1360,-944,271,-124,-70
10775,-824,-1456,-848,190,-188,2
10780,-760,-1584,-760,135,-249,53
10785,-616,-1728,-728,100,-299,86
10790,-536,-1832,-720,85,-328,99
10795,-328,-1912,-760,76,-327,96
10800,-192,-1984,-816,71,-297,80
10805,-32,-2040,-872,72,-250,59
10810,104,-2048,-808,81,-201,32
10815,296,-2048,-824,108,-151,5
10820,472,-1976,-816,151,-100,-22
10825,624,-1944,-744,207,-51,-44
10830,760,-1864,-704,267,-2,-57
10835,848,-1776,-680,324,50,-58
10840,936,-1704,-600,370,108,-47
10845,952,-1544,-632,393,174,-22
10850,928,-1528,-640,389,245,20
10855,848,-1448,-656,353,319,74
10860,720,-1480,-600,285,392,135
10865,624,-1504,-584,192,456,203
10870,480,-1552,-576,84,507,269
10875,352,-1672,-544,-25,547,329
10880,248,-1752,-552,-126,576,381
10885,152,-1832,-560,-211,598,428
10890,56,-1920,-528,-270,619,469
10895,-24,-1952,-520,-302,638,504
10900,-56,-1936,-568,-306,651,527
10905,-48,-1968,-528,-286,662,545
10910,-96,-1920,-536,-248,667,558
10915,-88,-1808,-528,-199,668,561
10920,-80,-1784,-536,-149,665,556
10925,-64,-1752,-536,-106,660,547
10930,-32,-1736,-512,-82,655,537
10935,-24,-1704,-480,-73,651,521
10940,-24,-1712,-448,-75,650,504
10945,-24,-1728,-416,-86,650,487
10950,-32,-1760,-432,-100,650,470
10955,-48,-1768,-456,-109,648,452
10960,-64,-1832,-416,-112,640,430
10965,-112,-1840,-416,-110,627,414
10970,-152,-1848,-432,-97,610,396
10975,-168,-1856,-424,-76,592,379
10980,-152,-1824,-424,-50,578,365
10985,-232,-1816,-392,-24,562,349
10990,-232,-1808,-376,6,545,333
10995,-240,-1800,-352,21,526,320
11000,-216,-1776,-368,26,505,308
11005,-232,-1712,-344,25,485,298
11010,-216,-1696,-312,16,469,289
11015,-168,-1736,-328,0,454,279
11020,-144,-1744,-288,-26,439,272
11025,-136,-1752,-328,-54,425,265
11030,-104,-1752,-304,-84,413,255
11035,-64,-1792,-264,-110,403,245
11040,-40,-1816,-272,-126,392,234
11045,-40,-1816,-232,-129,382,220
11050,-24,-1824,-256,-120,373,203
11055,-8,-1864,-224,-104,366,188
11060,16,-1848,-208,-86,362,171
11065,0,-1824,-232,-68,355,154
11070,16,-1816,-224,-53,351,138
11075,8,-1800,-208,-46,348,121
11080,8,-1760,-192,-45,348,105
11085,32,-1768,-200,-49,354,91
11090,16,-1776,-104,-51,366,77
11095,56,-1784,-96,-48,382,66
11100,56,-1800,-80,-39,401,58
11105,72,-1816,-56,-27,424,52
11110,136,-1856,8,-9,448,45
11115,128,-1872,-32,12,473,36
11120,128,-1864,-32,34,492,23
11125,104,-1904,-32,54,511,12
11130,104,-1864,-56,76,526,0
11135,88,-1928,-88,93,538,-12
11140,40,-1936,-120,104,546,-24
11145,-16,-1952,-168,108,547,-34
11150,-48,-1976,-184,108,546,-43
11155,-104,-1992,-200,113,539,-51
11160,-192,-2016,-184,120,533,-53
11165,-240,-2056,-200,132,526,-50
11170,-288,-2128,-104,143,513,-45
11175,-304,-2144,-96,151,490,-35
11180,-352,-2192,-56,156,466,-21
11185,-368,-2216,-72,163,438,-5
11190,-352,-2216,-56,170,404,10
11195,-376,-2224,-40,180,367,25
11200,-360,-2208,0,185,324,37
11205,-400,-2160,-8,189,271,50
11210,-408,-2160,24,189,202,62
11215,-408,-2136,40,184,127,77
11220,-424,-2104,56,181,56,94
11225,-376,-2096,112,176,-2,113
11230,-336,-2048,152,167,-39,135
11235,-304,-2072,128,151,-52,151
11240,-280,-2096,112,134,-49,168
11245,-128,-2120,136,119,-33,180
11250,-16,-2176,120,106,-15,185
11255,80,-2240,80,91,7,189
11260,136,-2272,-24,70,30,188
11265,192,-2360,-96,32,49,192
11270,184,-2440,-192,-26,49,204
11275,120,-2504,-240,-96,17,227
11280,16,-2552,-248,-158,-37,264
11285,-16,-2632,-256,-189,-100,315
11290,-160,-2632,-288,-184,-144,372
11295,-216,-2704,-256,-153,-168,437
11300,-312,-2720,-272,-105,-177,497
11305,-328,-2688,-280,-52,-180,554
11310,-376,-2640,-320,5,-184,603
11315,-384,-2584,-376,58,-196,639
11320,-376,-2504,-504,98,-213,665
11325,-280,-2400,-648,119,-225,672
11330,-208,-2344,-712,122,-229,667
11335,-112,-2264,-896,111,-218,643
11340,0,-2136,-1024,90,-196,604
11345,112,-2056,-1104,69,-161,557
11350,176,-1928,-1208,47,-110,498
11355,264,-1864,-1248,27,-46,440
11360,352,-1776,-1232,5,30,378
11365,424,-1720,-1160,-16,122,315
11370,480,-1680,-1096,-32,224,254
11375,536,-1680,-968,-38,328,197
11380,576,-1712,-912,-29,420,144
11385,584,-1752,-816,-9,497,99
11390,568,-1760,-728,14,550,60
11395,544,-1776,-696,39,573,30
11400,488,-1840,-624,59,573,8
11405,440,-1856,-608,78,552,-8
11410,328,-1904,-592,98,517,-22
11415,200,-1920,-584,120,472,-27
11420,56,-1968,-616,143,423,-29
11425,-40,-1960,-616,169,370,-29
11430,-160,-1960,-616,191,313,-30
11435,-272,-1928,-632,205,255,-34
11440,-360,-1912,-656,215,196,-38
11445,-424,-1872,-632,221,138,-48
11450,-424,-1912,-608,229,84,-59
11455,-352,-1920,-592,230,39,-77
11460,-424,-1856,-568,235,1,-99
11465,-392,-1848,-560,237,-32,-126
11470,-352,-1856,-560,228,-60,-158
11475,-336,-1856,-552,207,-85,-195
11480,-304,-1848,-528,181,-111,-233
11485,-248,-1856,-496,154,-138,-275
11490,-240,-1864,-504,123,-168,-319
11495,-240,-1856,-536,86,-199,-357
11500,-184,-1816,-520,44,-228,-391
11505,-160,-1792,-528,4,-258,-422
11510,-56,-1800,-512,-31,-286,-448
11515,-64,-1760,-520,-57,-314,-468
11520,-32,-1744,-496,-81,-345,-482
11525,-24,-1720,-472,-102,-380,-488
11530,-8,-1744,-480,-118,-416,-488
11535,32,-1728,-464,-135,-448,-480
11540,40,-1728,-480,-151,-476,-470
11545,24,-1680,-504,-169,-495,-456
11550,48,-1664,-496,-187,-508,-441
11555,80,-1688,-488,-207,-512,-430
11560,112,-1648,-448,-231,-511,-422
11565,144,-1648,-472,-259,-507,-414
11570,136,-1656,-456,-289,-506,-409
11575,176,-1672,-496,-326,-505,-405
11580,200,-1672,-456,-364,-506,-404
11585,216,-1680,-496,-396,-508,-405
11590,248,-1704,-464,-416,-510,-405
11595,256,-1712,-456,-421,-510,-408
11600,248,-1736,-456,-411,-509,-411
11605,272,-1744,-448,-387,-506,-414
11610,296,-1712,-416,-355,-501,-418
11615,224,-1736,-472,-322,-496,-420
11620,248,-1736,-424,-290,-492,-421
11625,256,-1752,-440,-266,-489,-419
11630,232,-1768,-408,-251,-490,-416
11635,192,-1792,-344,-232,-494,-409
11640,208,-1816,-360,-210,-499,-396
11645,184,-1808,-392,-177,-505,-381
11650,160,-1840,-384,-147,-510,-363
11655,200,-1864,-368,-119,-510,-344
11660,192,-1840,-400,-96,-507,-322
11665,192,-1840,-368,-73,-502,-299
11670,248,-1808,-392,-51,-493,-275
11675,200,-1816,-392,-35,-482,-254
11680,208,-1800,-360,-20,-467,-235
11685,208,-1776,-352,-5,-450,-214
11690,200,-1752,-336,15,-433,-201
11695,208,-1728,-320,35,-419,-189
11700,208,-1728,-296,52,-403,-180
11705,192,-1696,-264,69,-393,-172
11710,200,-1656,-272,80,-387,-163
11715,208,-1664,-208,88,-379,-156
11720,208,-1680,-240,93,-374,-152
11725,184,-1672,-144,97,-370,-144
11730,192,-1696,-168,106,-363,-135
11735,176,-1728,-160,118,-354,-121
11740,176,-1760,-184,134,-348,-106
11745,200,-1816,-152,153,-343,-91
11750,200,-1848,-152,173,-341,-72
11755,184,-1816,-160,194,-342,-54
11760,232,-1896,-144,217,-345,-35
11765,192,-1856,-192,243,-347,-16
11770,240,-1896,-168,265,-349,1
11775,264,-1944,-160,282,-346,18
11780,304,-1920,-200,290,-337,29
11785,360,-1960,-216,287,-324,36
11790,376,-1984,-200,276,-304,40
11795,424,-1976,-200,257,-281,38
11800,456,-2040,-224,234,-255,34
11805,440,-2040,-208,214,-225,29
11810,440,-2080,-200,201,-196,18
11815,408,-2088,-184,200,-171,7
11820,384,-2128,-168,208,-150,-1
11825,344,-2120,-128,223,-129,-6
11830,328,-2120,-136,239,-101,-5
11835,320,-2144,-104,248,-63,-4
11840,320,-2096,-120,249,-20,-6
11845,312,-2104,-64,240,17,-11
11850,344,-2080,-64,225,50,-20
11855,312,-2096,-24,213,78,-28
11860,296,-2128,64,205,101,-39
11865,280,-2168,160,205,122,-51
11870,272,-2184,272,211,133,-70
11875,240,-2256,288,226,140,-82
11880,200,-2256,320,244,142,-95
11885,128,-2224,288,264,142,-105
11890,96,-2232,232,274,142,-119
11895,136,-2264,128,268,141,-128
11900,112,-2232,40,244,131,-136
11905,64,-2288,-120,204,108,-141
11910,8,-2352,-288,140,72,-149
11915,8,-2392,-552,33,33,-160
11920,64,-2464,-736,-116,1,-179
11925,176,-2552,-816,-282,-10,-205
11930,272,-2656,-824,-419,6,-246
11935,456,-2808,-736,-483,45,-304
11940,536,-2928,-680,-457,104,-371
11945,696,-3008,-616,-358,167,-444
11950,760,-3016,-600,-222,230,-516
11955,768,-2976,-624,-73,293,-580
11960,744,-2904,-696,74,355,-627
11965,624,-2760,-768,206,411,-657
11970,568,-2624,-808,327,455,-667
11975,472,-2496,-904,436,482,-658
11980,360,-2368,-960,531,493,-633
11985,104,-2120,-1048,609,476,-594
11990,-80,-1960,-1048,658,418,-532
11995,-304,-1760,-1056,680,311,-459
