timestamp,accel_x,accel_y,accel_z,gyro_x,gyro_y,gyro_z
0,88,-1944,208,-106,57,-16
5,120,-1928,240,-104,56,-14
10,120,-1968,216,-104,53,-14
15,88,-1960,184,-103,52,-14
20,104,-1936,240,-101,50,-13
25,128,-1952,248,-97,47,-13
30,120,-1952,216,-95,43,-13
35,136,-1944,272,-98,39,-11
40,152,-1960,232,-99,36,-12
45,120,-1944,240,-98,33,-12
50,128,-1952,256,-102,30,-12
55,120,-1944,248,-105,27,-10
60,144,-1952,240,-105,25,-8
65,144,-1928,224,-105,23,-9
70,128,-1952,256,-106,23,-9
75,112,-1920,192,-108,23,-8
80,152,-1904,368,-109,22,-9
85,120,-1928,216,-112,23,-9
90,120,-1952,216,-112,26,-9
95,136,-1960,208,-113,25,-9
100,104,-1952,240,-115,28,-10
105,128,-1952,224,-113,29,-11
110,120,-1952,216,-110,31,-11
115,128,-1936,216,-108,33,-13
120,128,-1944,248,-107,35,-14
125,80,-1936,216,-104,38,-13
130,96,-1952,192,-99,41,-14
135,136,-1952,200,-98,41,-16
140,120,-1952,216,-95,43,-18
145,128,-1952,200,-94,44,-17
150,128,-1944,192,-93,46,-18
155,104,-1920,216,-92,43,-17
160,120,-1944,232,-91,43,-16
165,112,-1944,232,-90,40,-15
170,96,-1936,208,-92,40,-14
175,136,-1944,208,-96,38,-12
180,88,-1952,192,-99,38,-10
185,112,-1952,240,-101,39,-8
190,96,-1928,232,-104,36,-8
195,128,-1952,208,-104,36,-8
200,120,-1952,232,-106,37,-9
205,112,-1936,232,-105,35,-7
210,88,-1944,232,-103,34,-7
215,104,-1952,216,-101,33,-7
220,136,-1960,184,-99,32,-6
225,104,-1944,216,-94,31,-6
230,112,-1944,216,-92,32,-5
235,80,-1928,240,-91,33,-5
240,120,-1944,224,-93,34,-6
245,104,-1944,216,-94,36,-6
250,96,-1928,208,-97,36,-6
255,96,-1928,224,-96,34,-8
260,128,-1936,216,-97,34,-9
265,112,-1952,192,-98,32,-10
270,120,-1968,216,-103,31,-9
275,120,-1936,200,-105,31,-9
280,136,-1960,200,-106,32,-10
285,120,-1936,208,-106,32,-10
290,144,-1952,184,-102,32,-10
295,96,-1920,200,-99,31,-11
300,104,-1944,224,-96,29,-11
305,120,-1960,208,-95,28,-10
310,80,-1952,216,-92,27,-9
315,104,-1960,216,-89,26,-8
320,112,-1976,184,-86,25,-7
325,120,-1944,176,-80,25,-5
330,112,-1952,168,-72,24,-6
335,88,-1944,224,-69,21,-7
340,96,-1952,208,-72,19,-4
345,112,-1952,192,-71,19,-4
350,48,-1936,176,-73,20,-3
355,120,-1952,176,-72,20,-2
360,136,-1960,168,-69,20,-2
365,128,-1944,192,-64,20,-5
370,128,-1952,168,-61,20,-4
375,128,-1960,184,-57,18,-4
380,136,-1952,208,-57,19,-3
385,112,-1960,184,-55,18,-4
390,112,-1944,160,-54,18,-4
395,88,-1944,168,-55,18,-3
400,120,-1960,160,-56,19,-3
405,136,-1968,192,-55,17,-2
410,136,-1952,176,-59,18,-2
415,128,-1944,216,-60,16,-1
420,128,-1960,176,-59,17,0
425,152,-1952,208,-57,16,-1
430,136,-1960,192,-52,15,0
435,120,-1952,200,-49,14,-1
440,112,-1952,168,-46,14,-4
445,120,-1944,232,-46,15,-3
450,112,-1936,168,-45,15,-4
455,120,-1936,176,-48,15,-5
460,104,-1944,184,-51,16,-4
465,120,-1936,176,-53,16,-5
470,104,-1936,200,-53,17,-8
475,128,-1960,200,-53,19,-6
480,112,-1936,232,-52,19,-5
485,128,-1952,208,-54,19,-5
490,112,-1960,160,-52,18,-6
495,128,-1960,208,-50,16,-4
500,104,-1952,176,-49,15,-3
505,96,-1928,176,-52,13,-2
510,104,-1928,192,-57,10,-1
515,112,-1936,136,-60,5,-2
520,136,-1952,192,-60,4,-1
525,128,-1960,160,-63,4,0
530,120,-1960,168,-60,6,-2
535,96,-1944,168,-56,8,-3
540,112,-1952,208,-51,10,-6
545,128,-1952,152,-49,12,-6
550,104,-1928,192,-47,14,-7
555,96,-1944,184,-46,14,-7
560,128,-1944,192,-45,15,-7
565,120,-1952,232,-46,14,-7
570,104,-1952,160,-46,14,-8
575,120,-1936,224,-46,15,-7
580,112,-1944,176,-48,15,-7
585,88,-1944,208,-49,14,-6
590,144,-1960,200,-49,13,-5
595,144,-1960,200,-50,11,-4
600,112,-1960,200,-49,10,-5
605,120,-1944,192,-48,9,-5
610,160,-1952,224,-45,9,-7
615,120,-1960,160,-44,7,-7
620,88,-1968,144,-42,8,-7
625,112,-1960,168,-41,8,-7
630,144,-1944,184,-41,9,-5
635,96,-1928,184,-40,10,-6
640,96,-1944,184,-41,11,-6
645,120,-1944,200,-40,9,-5
650,96,-1952,184,-40,12,-7
655,88,-1952,192,-41,12,-5
660,104,-1952,184,-39,12,-4
665,112,-1936,176,-40,12,-5
670,112,-1936,176,-39,11,-5
675,136,-1920,192,-39,13,-5
680,104,-1920,200,-40,12,-5
685,104,-1960,176,-42,12,-4
690,112,-1936,184,-41,11,-5
695,120,-1952,184,-42,10,-5
700,88,-1936,216,-41,8,-3
705,88,-1952,184,-42,6,-4
710,112,-1944,200,-43,7,-2
715,120,-1936,200,-44,6,-2
720,96,-1944,208,-45,8,-3
725,104,-1952,200,-46,8,-4
730,96,-1952,184,-46,9,-4
735,128,-1952,200,-45,9,-3
740,136,-1944,192,-43,10,-2
745,128,-1944,216,-42,9,-1
750,112,-1936,200,-41,11,-1
755,120,-1936,192,-41,10,-2
760,104,-1944,192,-41,10,-3
765,104,-1952,176,-45,11,-3
770,120,-1904,176,-46,13,-1
775,128,-1952,192,-52,13,-2
780,112,-1912,200,-55,15,-3
785,136,-1960,240,-57,15,-4
790,120,-1952,200,-59,16,-3
795,104,-1944,192,-60,16,-3
800,136,-1960,184,-60,17,-4
805,104,-1952,208,-57,17,-3
810,120,-1960,208,-55,17,-3
815,120,-1944,200,-54,18,-4
820,112,-1952,208,-53,18,-5
825,128,-1936,192,-55,19,-5
830,88,-1944,192,-55,20,-5
835,128,-1928,160,-56,19,-5
840,112,-1920,200,-58,19,-5
845,136,-1968,184,-58,19,-3
850,112,-1952,176,-59,19,-4
855,96,-1944,192,-59,19,-4
860,104,-1944,200,-57,21,-3
865,112,-1960,208,-57,23,-4
870,120,-1960,184,-58,24,-4
875,136,-1968,240,-58,25,-5
880,104,-1944,224,-57,25,-4
885,128,-1952,168,-58,28,-3
890,96,-1952,256,-61,28,-3
895,96,-1952,200,-61,28,-4
900,96,-1952,216,-61,28,-2
905,96,-1936,200,-63,30,-3
910,104,-1936,216,-65,31,-4
915,104,-1928,192,-65,34,-3
920,96,-1944,216,-67,34,-3
925,104,-1944,200,-68,35,-4
930,104,-1936,176,-71,35,-2
935,136,-1944,224,-70,38,-4
940,72,-1944,184,-72,40,-4
945,104,-1952,200,-72,42,-4
950,128,-1984,208,-71,42,-5
955,112,-1952,208,-72,42,-5
960,104,-1952,232,-73,42,-5
965,120,-1952,184,-74,41,-5
970,112,-1952,192,-70,41,-4
975,128,-1968,224,-70,43,-5
980,104,-1968,176,-68,44,-4
985,128,-1952,232,-66,46,-4
990,136,-1960,200,-66,47,-5
995,136,-1968,216,-66,50,-6
1000,104,-1952,216,-67,55,-8
1005,104,-1952,192,-70,58,-8
1010,144,-1944,176,-77,62,-10
1015,120,-1944,216,-82,66,-10
1020,136,-1936,224,-88,68,-14
1025,152,-1944,216,-88,70,-18
1030,152,-1928,208,-93,70,-18
1035,136,-1936,264,-100,71,-20
1040,152,-1936,224,-109,71,-21
1045,136,-1944,224,-117,69,-20
1050,144,-1936,208,-125,71,-20
1055,136,-1936,200,-134,75,-20
1060,176,-1952,216,-142,82,-21
1065,152,-1936,240,-142,90,-23
1070,168,-1936,240,-144,100,-22
1075,168,-1944,232,-147,110,-23
1080,136,-1912,224,-152,121,-24
1085,144,-1944,240,-161,133,-27
1090,152,-1944,208,-169,142,-28
1095,136,-1944,216,-188,151,-31
1100,160,-1944,208,-209,162,-28
1105,144,-1936,256,-232,172,-28
1110,112,-1912,256,-255,183,-30
1115,120,-1936,232,-278,192,-35
1120,96,-1920,216,-300,198,-41
1125,128,-1920,192,-320,201,-45
1130,144,-1944,192,-342,199,-50
1135,128,-1904,192,-366,190,-56
1140,120,-1920,144,-392,177,-60
1145,104,-1912,160,-419,163,-63
1150,152,-1912,128,-444,150,-67
1155,128,-1888,72,-473,143,-66
1160,104,-1880,64,-503,141,-66
1165,104,-1888,72,-535,147,-58
1170,112,-1864,80,-573,155,-49
1175,112,-1864,32,-611,165,-37
1180,80,-1856,40,-642,173,-28
1185,80,-1888,80,-669,182,-21
1190,40,-1872,40,-682,187,-18
1195,16,-1872,-8,-688,191,-14
1200,48,-1944,48,-690,191,-7
1205,48,-1936,-8,-688,191,0
1210,64,-1952,16,-682,190,0
1215,56,-1920,-32,-673,186,-4
1220,56,-1920,16,-661,174,-12
1225,32,-1904,-48,-649,158,-16
1230,8,-1896,-80,-643,140,-19
1235,8,-1888,-112,-644,123,-18
1240,-8,-1864,-152,-656,112,-15
1245,-8,-1824,-192,-678,106,-11
1250,0,-1800,-224,-702,102,-9
1255,-24,-1776,-288,-732,97,-7
1260,-32,-1744,-360,-761,89,-9
1265,8,-1688,-384,-794,77,-13
1270,24,-1664,-448,-825,62,-23
1275,32,-1640,-464,-856,44,-31
1280,0,-1528,-592,-894,24,-41
1285,16,-1496,-672,-933,5,-54
1290,8,-1416,-712,-975,-13,-67
1295,-24,-1344,-752,-1022,-28,-79
1300,8,-1232,-792,-1078,-42,-90
1305,-32,-1104,-792,-1132,-50,-97
1310,-56,-976,-824,-1183,-52,-99
1315,-24,-872,-792,-1244,-46,-99
1320,-8,-688,-784,-1297,-32,-94
1325,32,-520,-696,-1348,-12,-83
1330,152,-368,-568,-1397,19,-74
1335,192,-232,-552,-1448,56,-55
1340,248,-72,-464,-1499,88,-42
1345,312,80,-376,-1547,110,-27
1350,344,168,-264,-1592,124,-19
1355,352,280,-224,-1641,130,-20
1360,304,360,-200,-1693,136,-19
1365,256,392,-152,-1749,136,-15
1370,176,368,-184,-1816,147,-6
1375,72,288,-184,-1892,170,5
1380,-144,176,-240,-1981,205,25
1385,-256,-80,-256,-2079,240,67
1390,-352,-296,-312,-2176,259,122
1395,-376,-592,-280,-2247,261,174
1400,-336,-928,-328,-2281,249,212
1405,-376,-1208,-224,-2299,223,242
1410,-312,-1504,-112,-2274,183,275
1415,-296,-1816,-40,-2193,131,296
1420,-192,-2088,-8,-2044,66,307
1425,-112,-2272,-32,-1858,-7,304
1430,32,-2504,-104,-1653,-83,284
1435,208,-2608,-184,-1415,-162,250
1440,312,-2680,-424,-1162,-219,205
1445,400,-2736,-656,-921,-258,151
1450,464,-2704,-880,-707,-286,87
1455,576,-2696,-1056,-534,-295,21
1460,648,-2656,-1280,-417,-282,-43
1465,624,-2576,-1384,-370,-249,-95
1470,632,-2624,-1408,-393,-194,-133
1475,608,-2680,-1376,-464,-110,-147
1480,560,-2848,-1200,-551,3,-141
1485,544,-3088,-1072,-617,128,-119
1490,480,-3352,-944,-618,252,-87
1495,480,-3712,-776,-543,362,-55
1500,432,-4072,-672,-397,451,-13
1505,352,-4408,-648,-203,503,27
1510,336,-4776,-672,9,527,59
1515,344,-5064,-768,213,531,80
1520,352,-5344,-904,395,524,78
1525,344,-5544,-984,536,514,53
1530,352,-5784,-984,627,517,14
1535,320,-6008,-1096,672,546,-31
1540,224,-6184,-1112,677,595,-68
1545,256,-6416,-1040,661,649,-94
1550,176,-6616,-928,661,698,-115
1555,80,-6784,-816,709,739,-129
1560,-8,-6880,-728,818,785,-126
1565,-72,-6864,-696,965,822,-95
1570,-88,-6768,-688,1109,832,-43
1575,-48,-6648,-680,1237,821,12
1580,-64,-6472,-744,1346,807,58
1585,-48,-6296,-840,1416,789,105
1590,-24,-6144,-824,1444,755,153
1595,48,-6040,-536,1436,695,190
1600,104,-6032,-416,1403,601,216
1605,144,-6072,-264,1352,503,228
1610,168,-6176,-80,1292,399,234
1615,176,-6296,112,1246,286,243
1620,184,-6440,280,1227,179,262
1625,152,-6552,464,1252,82,290
1630,40,-6568,600,1332,-16,328
1635,24,-6432,632,1450,-112,347
1640,-56,-6192,544,1579,-194,342
1645,-120,-5816,464,1668,-257,341
1650,-120,-5360,304,1721,-309,324
1655,-184,-4776,96,1744,-361,275
1660,-264,-4136,-112,1710,-424,210
1665,-280,-3328,-168,1665,-477,176
1670,-208,-2384,-288,1722,-535,102
1675,-320,-1992,-952,1773,-593,-7
1680,-416,-1488,-1048,1512,-639,-23
1685,-320,-864,-1064,1120,-630,-12
1690,-264,-424,-1128,646,-574,9
1695,120,-312,-1184,86,-469,32
1700,280,-88,-1088,-529,-330,-36
1705,352,264,-824,-1094,-199,-75
1710,456,544,-608,-1417,-113,-83
1715,664,896,-456,-1442,-71,-135
1720,816,1384,-424,-1204,-68,-235
1725,896,1960,-440,-732,-96,-339
1730,736,2664,-680,-37,-114,-412
1735,408,2824,-1136,798,-108,-391
1740,72,2104,-2176,1484,-76,-257
1745,-120,1864,-2928,1625,-63,-111
1750,-160,1496,-3536,1444,-28,-6
1755,-40,1160,-3880,1102,63,68
1760,-40,880,-3912,644,190,94
1765,8,664,-3544,45,285,97
1770,-32,536,-2904,-660,313,88
1775,-40,256,-2240,-1400,270,88
1780,0,-80,-1320,-2071,232,108
1785,32,-512,-336,-2528,221,132
1790,64,-984,528,-2626,200,152
1795,96,-1360,880,-2318,139,167
1800,88,-1520,944,-1690,60,166
1805,32,-1504,800,-883,-17,151
1810,-24,-1224,480,-66,-63,122
1815,-64,-912,80,608,-76,83
1820,-136,-496,-208,1044,-71,46
1825,-160,-168,-432,1240,-64,20
1830,-152,136,-600,1212,-57,6
1835,-160,400,-664,1020,-61,-7
1840,-152,568,-584,713,-77,-22
1845,-152,632,-464,349,-117,-40
1850,-160,576,-304,3,-178,-54
1855,-112,440,-72,-263,-245,-69
1860,-120,272,96,-421,-301,-92
1865,-48,184,216,-463,-334,-119
1870,-32,-16,296,-417,-333,-143
1875,0,-192,368,-316,-298,-166
1880,48,-320,392,-181,-240,-181
1885,112,-408,432,-30,-176,-185
1890,152,-448,416,127,-116,-184
1895,192,-456,352,278,-64,-179
1900,200,-416,288,412,-23,-177
1905,184,-344,184,520,9,-180
1910,200,-256,104,605,32,-186
1915,240,-176,-32,665,48,-194
1920,176,-8,-208,695,60,-205
1925,152,80,-312,701,68,-210
1930,112,176,-384,665,73,-217
1935,64,240,-440,596,74,-222
1940,16,320,-456,505,64,-226
1945,-40,376,-456,404,44,-228
1950,-128,384,-472,304,19,-230
1955,-160,400,-464,216,-8,-227
1960,-184,320,-464,151,-37,-225
1965,-240,288,-440,104,-63,-218
1970,-256,216,-384,90,-85,-213
1975,-264,160,-344,102,-102,-209
1980,-224,104,-312,132,-114,-207
1985,-216,48,-272,173,-121,-212
1990,-176,56,-248,222,-129,-219
1995,-168,80,-256,258,-141,-225
2000,-152,104,-288,270,-155,-230
2005,-128,176,-320,234,-172,-233
2010,-72,272,-344,136,-190,-235
2015,-56,328,-400,-17,-208,-236
2020,-40,392,-472,-197,-222,-229
2025,-16,376,-488,-383,-225,-216
2030,-16,312,-584,-567,-218,-207
2035,24,248,-672,-709,-202,-203
2040,32,136,-768,-784,-184,-200
2045,16,48,-904,-766,-160,-206
2050,24,-32,-952,-662,-134,-218
2055,8,-96,-1032,-489,-105,-232
2060,-24,-96,-1016,-276,-78,-251
2065,-64,-48,-1056,-59,-65,-265
2070,-88,80,-1008,102,-71,-274
2075,-8,176,-1032,174,-71,-263
2080,280,160,-968,160,-20,-207
2085,440,-160,-816,77,109,-137
2090,440,-696,-664,-11,239,-121
2095,368,-1272,-520,-83,255,-116
2100,184,-1752,-288,-191,147,-114
2105,216,-2224,-296,-345,4,-90
2110,536,-2816,-528,-471,-26,-28
2115,880,-3536,-840,-563,65,-7
2120,1192,-4304,-1064,-656,90,-103
2125,1344,-5016,-1280,-767,40,-287
2130,1264,-5632,-1272,-919,66,-442
2135,1040,-6336,-928,-1090,195,-492
2140,944,-6872,-480,-1211,334,-436
2145,1000,-7432,80,-1199,422,-313
2150,1216,-7936,680,-1025,420,-170
2155,1376,-8392,1064,-680,329,-24
2160,1384,-8584,1176,-229,229,102
2165,1184,-8344,792,262,180,201
2170,488,-7696,264,665,151,266
2175,200,-6848,-112,899,106,344
2180,32,-6032,-584,984,62,359
2185,-208,-5232,-808,965,77,316
2190,-496,-4640,-1056,912,163,268
2195,-648,-4400,-1128,826,258,215
2200,-640,-4232,-1120,724,308,122
2205,-488,-4104,-1024,615,288,10
2210,-288,-4016,-752,520,215,-90
2215,-120,-3968,-400,460,121,-166
2220,40,-3920,56,452,28,-211
2225,120,-3824,480,480,-28,-214
2230,160,-3768,792,532,-43,-183
2235,128,-3648,944,585,-30,-128
2240,120,-3552,1000,635,-9,-56
2245,96,-3384,976,674,-5,33
2250,96,-3200,880,700,-37,131
2255,160,-3000,792,710,-108,227
2260,264,-2824,648,714,-208,312
2265,400,-2664,560,713,-318,362
2270,560,-2512,432,697,-418,374
2275,656,-2368,288,655,-495,350
2280,712,-2200,216,590,-541,295
2285,768,-2072,160,496,-556,227
2290,720,-2024,72,377,-545,156
2295,656,-1928,32,243,-524,90
2300,600,-1944,64,118,-504,43
2305,584,-1952,8,16,-490,9
2310,480,-1920,-8,-43,-478,-12
2315,368,-1920,-32,-57,-465,-18
2320,304,-1912,-32,-31,-446,-9
2325,152,-1864,-104,21,-422,13
2330,48,-1792,-80,82,-399,54
2335,-56,-1744,-144,144,-384,102
2340,-144,-1680,-128,192,-382,148
2345,-136,-1608,-168,228,-392,202
2350,-200,-1520,-152,248,-409,245
2355,-160,-1488,-176,255,-433,286
2360,-112,-1448,-192,249,-457,319
2365,-112,-1424,-208,231,-474,345
2370,-64,-1392,-248,209,-482,357
2375,-16,-1368,-256,184,-480,365
2380,-24,-1352,-248,162,-467,364
2385,0,-1344,-224,148,-445,352
2390,40,-1376,-264,139,-421,331
2395,80,-1344,-232,143,-396,302
2400,112,-1384,-248,156,-377,272
2405,72,-1392,-248,167,-365,239
2410,120,-1376,-168,174,-360,201
2415,152,-1384,-168,184,-364,164
2420,136,-1424,-88,193,-376,126
2425,152,-1488,-56,197,-395,87
2430,128,-1552,-16,206,-413,49
2435,128,-1600,64,230,-432,16
2440,72,-1624,72,267,-445,-14
2445,64,-1648,48,316,-449,-34
2450,72,-1656,40,360,-446,-46
2455,56,-1656,-16,391,-435,-50
2460,152,-1632,-72,406,-419,-48
2465,128,-1640,-168,396,-398,-42
2470,168,-1648,-224,362,-378,-39
2475,216,-1696,-216,313,-359,-36
2480,240,-1736,-232,258,-346,-33
2485,256,-1832,-168,206,-338,-30
2490,256,-1896,-176,170,-335,-28
2495,288,-1968,-152,150,-336,-21
2500,312,-2040,-152,147,-335,-9
2505,328,-2080,-112,149,-329,4
2510,304,-2104,-144,157,-321,20
2515,336,-2168,-184,166,-308,35
2520,344,-2152,-168,175,-295,51
2525,320,-2152,-200,178,-280,66
2530,312,-2160,-168,178,-267,79
2535,288,-2144,-160,174,-256,86
2540,256,-2112,-120,172,-249,90
2545,272,-2112,-80,176,-246,93
2550,256,-2104,-40,183,-245,92
2555,224,-2048,-16,196,-244,89
2560,232,-2032,56,214,-242,81
2565,224,-2000,40,234,-235,72
2570,224,-2040,40,252,-227,61
2575,224,-2048,32,263,-216,50
2580,224,-2016,8,270,-201,45
2585,264,-2040,0,273,-181,40
2590,248,-1992,-64,275,-156,39
2595,264,-2008,-40,277,-124,38
2600,264,-1992,-56,280,-86,39
2605,288,-1984,0,282,-48,44
2610,304,-1976,16,286,-9,45
2615,336,-1992,8,289,28,46
2620,312,-1920,56,288,60,47
2625,288,-1920,48,288,84,50
2630,280,-1872,0,278,103,54
2635,304,-1880,8,258,120,60
2640,280,-1824,-40,232,139,65
2645,272,-1848,-16,191,160,66
2650,240,-1840,-56,144,179,60
2655,216,-1856,-32,100,198,49
2660,200,-1872,-72,57,215,34
2665,200,-1872,-48,24,230,18
2670,136,-1872,0,0,241,1
2675,120,-1880,72,-6,249,-12
2680,104,-1848,56,0,257,-20
2685,120,-1824,32,20,264,-21
2690,128,-1864,72,44,268,-20
2695,128,-1840,40,66,267,-20
2700,128,-1856,32,84,266,-20
2705,136,-1880,64,96,265,-19
2710,160,-1912,48,99,262,-20
2715,144,-1864,56,100,261,-20
2720,144,-1888,24,101,270,-19
2725,192,-1896,0,101,284,-19
2730,192,-1888,-24,98,302,-16
2735,192,-1880,0,93,323,-16
2740,184,-1888,-24,83,341,-17
2745,216,-1904,-32,68,356,-18
2750,224,-1920,-8,56,368,-18
2755,240,-1952,24,46,377,-22
2760,248,-1944,-32,42,383,-28
2765,224,-1952,32,44,386,-32
2770,224,-1960,32,50,387,-38
2775,216,-1976,24,58,388,-41
2780,184,-1992,32,62,395,-45
2785,208,-2032,-16,62,404,-49
2790,192,-2024,32,64,417,-54
2795,168,-2040,16,69,431,-61
2800,144,-2008,48,78,443,-66
2805,128,-2024,56,91,453,-67
2810,136,-2024,88,103,464,-69
2815,152,-2040,96,118,470,-73
2820,120,-2008,88,138,472,-77
2825,88,-1968,112,163,471,-84
2830,136,-1992,128,186,466,-90
2835,120,-1960,104,206,465,-92
2840,120,-1944,176,220,464,-93
2845,88,-1928,128,227,464,-97
2850,104,-1920,160,230,468,-102
2855,88,-1888,160,226,473,-105
2860,104,-1880,168,218,477,-107
2865,88,-1872,200,207,479,-111
2870,96,-1880,192,194,479,-116
2875,112,-1896,232,179,476,-121
2880,80,-1880,256,169,470,-126
2885,88,-1880,272,162,464,-128
2890,112,-1936,288,155,456,-132
2895,72,-1904,264,145,447,-136
2900,72,-1944,240,134,438,-139
2905,48,-1952,256,119,430,-141
2910,40,-1944,264,100,421,-141
2915,32,-1944,256,83,411,-140
2920,48,-1952,232,61,396,-139
2925,72,-1936,224,41,375,-137
2930,80,-1936,192,18,350,-134
2935,64,-1920,152,-2,325,-135
2940,88,-1944,136,-18,301,-134
2945,104,-1944,176,-34,281,-131
2950,112,-1952,144,-45,265,-125
2955,88,-1960,168,-48,251,-118
2960,80,-1968,152,-46,242,-106
2965,96,-1984,160,-46,234,-96
2970,72,-1960,120,-49,225,-84
2975,88,-1944,152,-59,214,-73
2980,112,-1928,144,-73,204,-63
2985,96,-1928,184,-93,189,-50
2990,128,-1976,136,-119,175,-38
2995,144,-1968,200,-144,162,-26
3000,120,-1920,168,-163,151,-14
3005,120,-1968,192,-178,144,-3
3010,120,-1976,168,-187,137,5
3015,112,-1960,144,-192,130,12
3020,80,-1984,152,-197,121,15
3025,104,-2000,200,-202,108,16
3030,88,-2008,152,-207,90,14
3035,64,-2008,144,-216,70,12
3040,88,-2000,192,-223,48,8
3045,80,-2000,176,-227,27,2
3050,104,-1992,192,-230,12,-5
3055,104,-2000,184,-231,5,-10
3060,112,-2000,144,-229,0,-15
3065,128,-1976,176,-224,1,-20
3070,128,-1960,176,-217,2,-26
3075,144,-1952,168,-207,3,-31
3080,128,-1944,128,-196,5,-33
3085,144,-1952,120,-183,8,-35
3090,160,-1960,128,-172,14,-36
3095,176,-1952,152,-164,21,-37
3100,176,-1936,144,-157,26,-38
3105,200,-1952,128,-150,29,-39
3110,136,-1944,200,-144,30,-41
3115,160,-1952,168,-136,33,-41
3120,152,-1952,160,-125,35,-38
3125,120,-1960,152,-112,36,-37
3130,104,-1952,128,-103,38,-35
3135,112,-1936,160,-100,42,-33
3140,104,-1936,120,-98,43,-31
3145,80,-1928,120,-99,45,-29
3150,64,-1920,144,-100,44,-26
3155,96,-1920,144,-104,44,-23
3160,80,-1936,208,-105,43,-21
3165,24,-1944,168,-102,41,-20
3170,72,-1944,200,-98,37,-18
3175,112,-1936,176,-89,32,-18
3180,96,-1944,168,-79,26,-18
3185,96,-1952,176,-66,22,-16
3190,112,-1944,192,-56,18,-14
3195,120,-1928,176,-44,17,-13
3200,144,-1920,192,-35,16,-11
3205,128,-1944,176,-29,16,-8
3210,120,-1936,168,-28,17,-8
3215,128,-1928,136,-28,20,-6
3220,136,-1904,144,-28,22,-2
3225,136,-1944,168,-33,23,-2
3230,128,-1944,144,-36,25,-1
3235,136,-1952,168,-38,25,-3
3240,120,-1960,160,-39,27,-6
3245,88,-1944,160,-36,29,-8
3250,120,-1960,176,-37,32,-12
3255,88,-1952,160,-39,34,-14
3260,112,-1968,152,-45,36,-14
3265,96,-1952,176,-56,38,-17
3270,72,-1928,136,-70,37,-18
3275,88,-1936,168,-84,37,-19
3280,88,-1952,144,-96,34,-17
3285,96,-1960,176,-105,30,-15
3290,112,-1968,176,-111,27,-14
3295,88,-1960,176,-117,23,-14
3300,128,-1968,184,-117,26,-13
3305,136,-1968,160,-116,32,-13
3310,136,-1960,168,-112,41,-14
3315,144,-1944,152,-114,53,-15
3320,160,-1952,120,-117,63,-16
3325,160,-1944,200,-124,72,-19
3330,152,-1976,152,-132,74,-21
3335,160,-1952,144,-142,72,-24
3340,176,-1952,136,-146,67,-25
3345,136,-1960,152,-147,61,-25
3350,160,-1968,152,-143,55,-28
3355,144,-1968,176,-137,50,-27
3360,120,-1960,168,-132,46,-23
3365,112,-1968,128,-128,45,-18
3370,112,-1952,192,-125,44,-13
3375,96,-1968,128,-125,42,-7
3380,72,-1952,136,-126,40,-1
3385,112,-1936,136,-126,37,4
3390,96,-1952,120,-127,36,9
3395,104,-1944,136,-125,35,13
3400,96,-1952,128,-121,33,15
3405,96,-1952,120,-116,29,15
3410,112,-1952,136,-107,26,15
3415,128,-1960,104,-98,23,14
3420,144,-1952,128,-88,22,12
3425,128,-1952,128,-82,19,10
3430,128,-1936,112,-80,16,4
3435,144,-1952,112,-79,14,-1
3440,128,-1968,72,-80,16,-4
3445,136,-1960,104,-80,15,-8
3450,120,-1944,128,-79,16,-10
3455,128,-1960,120,-79,17,-11
3460,144,-1960,104,-81,19,-12
3465,136,-1976,120,-80,17,-12
3470,152,-1984,128,-78,17,-13
3475,120,-1968,104,-76,19,-13
3480,136,-1992,112,-69,18,-12
3485,128,-1992,152,-66,21,-12
3490,120,-1984,112,-61,24,-14
3495,128,-1984,120,-56,24,-10
3500,120,-1968,112,-52,24,-8
3505,120,-1968,120,-50,23,-9
3510,96,-1960,120,-46,23,-10
3515,120,-1984,128,-46,19,-9
3520,144,-1992,104,-42,17,-7
3525,112,-1992,112,-39,14,-6
3530,152,-1976,112,-35,12,-5
3535,128,-1976,120,-30,10,-5
3540,136,-1960,104,-27,6,-6
3545,88,-1952,144,-26,4,-6
3550,120,-1968,136,-29,2,-5
3555,128,-1960,104,-32,2,-6
3560,136,-1952,136,-39,2,-6
3565,128,-1960,136,-45,4,-5
3570,128,-1952,128,-49,5,-8
3575,152,-1944,104,-55,8,-8
3580,112,-1928,136,-61,10,-7
3585,144,-1960,112,-63,10,-7
3590,152,-1952,112,-65,10,-5
3595,152,-1944,136,-67,11,-5
3600,200,-1896,128,-68,10,-6
3605,136,-1944,112,-71,9,-6
3610,144,-1952,120,-75,10,-4
3615,144,-1944,112,-78,11,-5
3620,144,-1952,128,-78,14,-7
3625,168,-1960,112,-75,17,-8
3630,128,-1968,120,-69,21,-10
3635,152,-1952,136,-62,22,-13
3640,160,-1976,104,-56,24,-15
3645,160,-1968,136,-51,26,-17
3650,128,-1952,112,-48,26,-20
3655,32,-1968,136,-45,26,-20
3660,144,-1968,104,-49,28,-22
3665,128,-1944,96,-54,28,-24
3670,136,-1960,112,-60,29,-24
3675,144,-1952,120,-68,28,-24
3680,120,-1968,112,-77,29,-25
3685,160,-1960,112,-80,29,-24
3690,112,-1960,128,-81,29,-23
3695,136,-1952,112,-78,27,-24
3700,160,-1984,112,-71,24,-24
3705,144,-1976,120,-63,25,-24
3710,104,-1992,16,-57,23,-23
3715,152,-1976,104,-51,22,-24
3720,144,-1976,104,-49,21,-22
3725,128,-1952,88,-44,21,-23
3730,136,-1968,80,-44,20,-23
3735,120,-1952,104,-45,21,-24
3740,136,-1984,112,-48,21,-24
3745,128,-1960,112,-48,21,-24
3750,112,-1976,112,-50,20,-23
3755,144,-1952,96,-50,20,-25
3760,128,-1968,112,-49,19,-25
3765,120,-1952,120,-51,18,-24
3770,128,-1952,112,-50,16,-22
3775,144,-1952,104,-50,15,-22
3780,136,-1968,120,-49,16,-22
3785,144,-1960,104,-46,16,-23
3790,128,-1952,136,-45,16,-23
3795,120,-1968,120,-42,17,-23
3800,112,-1952,112,-40,17,-23
3805,128,-1960,136,-40,16,-24
3810,120,-1952,144,-37,16,-23
3815,104,-1920,152,-36,15,-23
3820,136,-1928,184,-37,14,-24
3825,144,-1944,144,-36,12,-23
3830,120,-1928,112,-37,12,-23
3835,128,-1936,120,-42,11,-22
3840,136,-1936,144,-47,12,-24
3845,136,-1944,112,-54,10,-24
3850,136,-1920,128,-62,9,-25
3855,128,-1920,112,-70,9,-25
3860,168,-1920,136,-75,9,-27
3865,160,-1952,136,-81,10,-27
3870,160,-1968,104,-87,10,-27
3875,168,-1920,112,-95,11,-29
3880,152,-1928,112,-100,10,-28
3885,168,-1936,112,-106,10,-28
3890,144,-1960,112,-109,12,-27
3895,136,-1952,104,-111,12,-27
3900,152,-1952,120,-114,15,-26
3905,176,-1976,104,-114,13,-25
3910,128,-1992,88,-110,14,-25
3915,160,-1984,96,-106,14,-25
3920,176,-1984,104,-103,15,-24
3925,168,-1976,96,-96,17,-24
3930,160,-2024,160,-88,19,-22
3935,168,-1992,96,-79,23,-21
3940,152,-2000,80,-70,28,-21
3945,168,-1976,104,-61,32,-20
3950,160,-1992,96,-52,37,-20
3955,160,-1992,80,-45,38,-21
3960,152,-1984,80,-37,39,-19
3965,160,-1976,96,-30,39,-17
3970,144,-1984,80,-22,40,-17
3975,168,-1984,104,-22,42,-15
3980,144,-1960,80,-16,41,-14
3985,176,-1984,112,-12,41,-12
3990,144,-1992,96,-8,40,-10
3995,152,-1976,96,-3,38,-10
4000,168,-1968,96,-2,37,-8
4005,160,-1968,96,0,34,-8
4010,160,-1960,96,0,33,-5
4015,168,-1960,96,0,34,-5
4020,160,-1952,104,2,34,-4
4025,176,-1968,104,2,36,-4
4030,136,-1952,128,2,36,-3
4035,128,-1976,144,2,37,-3
4040,152,-1952,120,3,36,-2
4045,144,-1952,96,4,36,-2
4050,152,-1952,96,8,34,-1
4055,144,-1944,112,9,32,-2
4060,152,-1952,136,5,32,-3
4065,144,-1952,136,4,32,-2
4070,144,-1968,128,-1,35,-4
4075,152,-1920,112,-6,35,-5
4080,144,-1944,128,-10,37,-6
4085,152,-1936,112,-16,38,-7
4090,144,-1880,120,-24,37,-6
4095,136,-1928,112,-31,37,-7
4100,152,-1968,136,-36,36,-6
4105,136,-1944,96,-40,35,-6
4110,168,-1960,112,-45,31,-6
4115,160,-1968,128,-49,27,-5
4120,152,-1968,128,-55,25,-5
4125,120,-1960,112,-58,22,-4
4130,152,-1936,112,-57,20,-5
4135,144,-1968,112,-51,20,-5
4140,144,-1944,104,-44,20,-5
4145,80,-1936,104,-37,20,-7
4150,128,-1968,104,-34,21,-7
4155,160,-1944,104,-30,21,-8
4160,168,-1952,88,-28,21,-9
4165,136,-1936,96,-26,21,-9
4170,144,-1944,120,-26,22,-9
4175,128,-1960,104,-30,21,-8
4180,128,-1944,104,-31,19,-8
4185,160,-1952,104,-35,18,-7
4190,152,-1952,128,-38,17,-8
4195,144,-1968,112,-40,16,-9
4200,192,-1968,128,-39,15,-8
4205,160,-1960,112,-36,14,-8
4210,160,-1968,96,-32,14,-8
4215,160,-1976,104,-24,14,-8
4220,152,-1976,112,-20,12,-9
4225,184,-1960,112,-18,13,-9
4230,160,-1976,96,-16,12,-8
4235,152,-1984,104,-12,12,-8
4240,168,-1960,96,-10,14,-9
4245,192,-1960,112,-11,17,-8
4250,160,-1952,120,-11,19,-7
4255,144,-1976,72,-11,21,-9
4260,176,-1968,120,-11,23,-7
4265,160,-1968,96,-10,25,-6
4270,152,-1960,104,-9,26,-6
4275,144,-1968,112,-9,26,-7
4280,136,-1952,104,-8,26,-6
4285,152,-1960,128,-8,25,-6
4290,160,-1960,136,-6,25,-7
4295,176,-1960,96,-3,26,-7
4300,120,-1960,104,-1,29,-8
4305,168,-1960,136,0,30,-8
4310,144,-1992,144,2,31,-9
4315,136,-1968,112,3,32,-9
4320,128,-1944,104,4,30,-9
4325,144,-1944,120,2,29,-9
4330,160,-1952,120,0,26,-8
4335,128,-1960,120,-2,26,-7
4340,152,-1960,112,-6,26,-5
4345,152,-1984,120,-9,26,-4
4350,128,-1952,120,-10,26,-4
4355,136,-1952,128,-12,28,-4
4360,144,-1960,104,-14,26,-2
4365,120,-1944,112,-20,24,-1
4370,128,-1952,120,-21,21,0
4375,152,-1968,112,-25,18,0
4380,128,-1952,96,-26,15,0
4385,144,-1952,104,-29,13,0
4390,144,-1976,136,-32,12,0
4395,136,-1960,96,-33,11,0
4400,144,-1952,120,-36,12,0
4405,160,-1944,144,-36,12,0
4410,152,-1960,120,-36,13,-1
4415,144,-1976,104,-36,13,0
4420,160,-1928,120,-34,13,0
4425,152,-1960,120,-34,13,1
4430,136,-1960,112,-33,12,0
4435,136,-1944,104,-32,9,1
4440,136,-1968,128,-32,7,1
4445,136,-1944,120,-34,5,2
4450,136,-1952,120,-34,3,2
4455,144,-1960,128,-34,0,2
4460,160,-1976,96,-35,-1,1
4465,136,-1960,96,-35,0,2
4470,120,-1944,120,-36,-1,2
4475,160,-1936,88,-37,-3,0
4480,144,-1944,120,-40,-2,0
4485,152,-1960,104,-37,-2,0
4490,144,-1952,96,-38,-1,0
4495,136,-1960,104,-36,1,0
4500,152,-1952,136,-34,1,0
4505,160,-1968,120,-32,1,1
4510,160,-1952,128,-28,2,2
4515,160,-1952,136,-26,0,0
4520,176,-1984,136,-25,0,0
4525,192,-1952,104,-22,0,1
4530,144,-1960,104,-24,-1,2
4535,144,-1952,144,-22,-1,2
4540,152,-1960,104,-24,-2,2
4545,152,-1960,72,-27,-1,1
4550,152,-1952,112,-28,-1,3
4555,144,-1960,112,-29,-2,3
4560,160,-1960,128,-31,-3,4
4565,144,-1960,120,-30,-3,3
4570,160,-1976,112,-29,-3,3
4575,128,-1968,128,-29,-5,5
4580,152,-1968,152,-28,-7,5
4585,144,-1952,104,-27,-7,5
4590,160,-1968,120,-27,-7,5
4595,160,-1968,144,-31,-6,3
4600,168,-1952,104,-33,-6,4
4605,176,-1952,96,-37,-4,2
4610,136,-1952,120,-40,-4,1
4615,136,-1952,136,-43,-1,1
4620,144,-1928,104,-46,-3,2
4625,144,-1960,136,-49,-2,2
4630,152,-1952,144,-52,-1,2
4635,160,-2008,80,-54,-3,1
4640,152,-1952,152,-57,-4,1
4645,160,-1952,120,-59,-5,1
4650,136,-1952,144,-64,-7,2
4655,152,-1968,136,-64,-9,2
4660,160,-1976,112,-61,-9,1
4665,160,-1952,144,-57,-6,-1
4670,168,-1976,144,-52,-4,-2
4675,152,-1944,112,-48,0,-4
4680,144,-1952,120,-44,3,-6
4685,152,-1944,128,-43,4,-7
4690,152,-1944,104,-45,5,-7
4695,168,-1952,144,-47,5,-7
4700,136,-1936,128,-52,5,-7
4705,144,-1952,144,-55,4,-7
4710,144,-1960,128,-60,3,-6
4715,152,-1936,120,-62,2,-5
4720,168,-1952,144,-66,2,-5
4725,160,-1952,160,-66,0,-5
4730,136,-1952,112,-66,-1,-5
4735,160,-1960,136,-65,-2,-5
4740,160,-1952,136,-64,-1,-5
4745,152,-1952,136,-61,1,-6
4750,160,-1952,112,-60,2,-7
4755,160,-1944,128,-60,4,-8
4760,144,-1952,120,-61,5,-6
4765,192,-1960,136,-61,8,-7
4770,168,-1952,136,-62,11,-9
4775,160,-1960,128,-61,14,-10
4780,160,-1960,136,-58,17,-10
4785,168,-1960,136,-56,19,-9
4790,176,-1976,136,-55,20,-9
4795,144,-1952,120,-53,20,-10
4800,160,-1944,128,-52,19,-9
4805,176,-1968,112,-50,19,-9
4810,152,-1960,120,-49,20,-7
4815,144,-1968,120,-47,20,-6
4820,168,-1952,120,-48,21,-8
4825,160,-1944,136,-47,21,-8
4830,160,-1960,144,-44,22,-7
4835,144,-1952,120,-42,23,-7
4840,160,-1968,152,-41,23,-6
4845,144,-1944,128,-37,24,-9
4850,152,-1968,136,-33,25,-9
4855,152,-1944,144,-33,25,-7
4860,152,-1952,128,-35,25,-8
4865,160,-1944,120,-37,26,-8
4870,136,-1944,104,-39,27,-8
4875,152,-1952,120,-43,28,-9
4880,144,-1952,128,-45,29,-8
4885,184,-1952,112,-49,29,-8
4890,160,-1952,152,-53,28,-8
4895,136,-1960,112,-58,25,-9
4900,168,-1936,152,-61,25,-9
4905,144,-1952,136,-66,24,-9
4910,152,-1936,160,-69,23,-9
4915,160,-1944,120,-71,21,-10
4920,168,-1960,152,-76,22,-11
4925,136,-1928,136,-86,22,-12
4930,160,-1944,144,-99,23,-12
4935,152,-1936,144,-115,23,-14
4940,144,-1936,120,-131,24,-15
4945,160,-1952,80,-147,25,-17
4950,184,-1944,104,-163,26,-17
4955,152,-1912,104,-174,29,-17
4960,160,-1944,64,-183,32,-18
4965,160,-1944,96,-188,36,-17
4970,160,-1944,104,-189,43,-20
4975,168,-1952,80,-188,49,-19
4980,168,-1952,80,-186,53,-21
4985,168,-1944,104,-186,55,-20
4990,168,-2000,88,-184,57,-19
4995,136,-1944,80,-183,56,-17
5000,152,-1968,112,-184,53,-14
5005,160,-1952,96,-185,51,-12
5010,128,-1944,112,-188,49,-8
5015,144,-1952,64,-195,45,-5
5020,128,-1944,104,-202,43,-1
5025,120,-1944,88,-213,40,2
5030,136,-1944,96,-223,37,6
5035,112,-1928,88,-235,35,8
5040,136,-1920,88,-249,31,9
5045,136,-1944,64,-258,30,9
5050,136,-1904,112,-265,28,7
5055,152,-1944,80,-268,27,4
5060,136,-1968,80,-270,31,3
5065,144,-1960,64,-264,35,1
5070,168,-1960,128,-259,41,-1
5075,160,-1992,72,-250,51,-2
5080,160,-1976,88,-240,63,-4
5085,144,-2008,112,-229,77,-5
5090,152,-1992,120,-219,91,-7
5095,160,-1984,120,-209,104,-7
5100,152,-1992,96,-204,114,-9
5105,168,-2008,80,-201,121,-10
5110,144,-2000,120,-197,127,-9
5115,112,-2008,96,-191,133,-9
5120,112,-2040,88,-185,135,-9
5125,136,-2000,80,-178,138,-10
5130,144,-2040,56,-176,141,-12
5135,136,-2056,24,-179,143,-13
5140,144,-2032,8,-182,141,-17
5145,136,-2032,24,-186,138,-15
5150,144,-2032,24,-187,135,-15
5155,144,-2016,64,-186,132,-15
5160,152,-1992,56,-181,132,-14
5165,176,-2016,48,-172,135,-16
5170,184,-2008,40,-165,135,-16
5175,160,-1960,40,-162,134,-18
5180,112,-1960,24,-162,133,-16
5185,152,-1952,48,-169,129,-16
5190,128,-1912,8,-188,126,-20
5195,160,-1952,0,-213,127,-22
5200,160,-1944,-48,-242,130,-27
5205,152,-1896,-32,-266,137,-30
5210,152,-1936,-24,-284,146,-32
5215,152,-1912,-40,-295,157,-33
5220,160,-1904,-64,-301,168,-34
5225,184,-1864,-56,-308,183,-36
5230,176,-1880,-104,-318,197,-36
5235,192,-1840,-104,-333,211,-37
5240,208,-1816,-112,-349,228,-35
5245,216,-1792,-112,-366,242,-32
5250,248,-1768,-184,-383,256,-29
5255,232,-1728,-168,-404,269,-24
5260,232,-1688,-208,-426,280,-15
5265,232,-1680,-232,-444,289,-7
5270,240,-1640,-184,-460,297,5
5275,232,-1568,-240,-473,303,19
5280,224,-1488,-256,-486,312,38
5285,184,-1448,-264,-498,321,59
5290,216,-1424,-272,-515,330,81
5295,184,-1280,-336,-540,340,100
5300,168,-1232,-368,-570,352,118
5305,144,-1128,-432,-604,358,140
5310,96,-1008,-432,-647,353,163
5315,144,-920,-440,-696,333,189
5320,136,-808,-496,-752,305,209
5325,40,-664,-528,-818,264,225
5330,72,-520,-496,-887,205,238
5335,32,-416,-472,-967,128,243
5340,-16,-304,-448,-1056,31,236
5345,-112,-152,-456,-1164,-76,222
5350,-192,-144,-408,-1243,-188,202
5355,-328,-128,-368,-1312,-290,177
5360,-408,-136,-320,-1369,-366,153
5365,-440,-104,-224,-1415,-398,138
5370,-440,-128,-208,-1454,-385,136
5375,-352,-168,-168,-1490,-338,138
5380,-240,-216,-144,-1522,-273,138
5385,-176,-288,-80,-1539,-209,132
5390,-64,-384,-112,-1538,-161,118
5395,32,-432,-144,-1520,-133,85
5400,56,-512,-240,-1480,-132,41
5405,120,-552,-256,-1433,-159,10
5410,232,-632,-392,-1389,-186,-4
5415,296,-736,-472,-1359,-202,-17
5420,304,-792,-616,-1361,-209,-29
5425,248,-864,-768,-1396,-212,-29
5430,216,-976,-880,-1460,-215,-15
5435,168,-1136,-936,-1565,-217,-3
5440,192,-1328,-904,-1691,-213,6
5445,152,-1544,-816,-1810,-205,25
5450,168,-1752,-616,-1893,-184,53
5455,200,-2040,-392,-1914,-166,86
5460,216,-2360,-24,-1868,-146,104
5465,240,-2688,224,-1726,-131,105
5470,248,-3040,568,-1489,-127,82
5475,152,-3432,720,-1149,-129,35
5480,152,-3720,688,-738,-128,-17
5485,176,-3992,520,-315,-118,-74
5490,216,-4152,96,68,-102,-126
5495,224,-4128,-456,349,-73,-161
5500,296,-4072,-1072,501,-29,-171
5505,328,-3976,-1568,529,9,-165
5510,408,-3856,-1920,446,19,-143
5515,528,-3752,-2048,278,9,-113
5520,616,-3728,-1984,48,-11,-98
5525,696,-3800,-1704,-206,-32,-90
5530,704,-4000,-1312,-426,-40,-84
5535,712,-4376,-904,-564,-27,-87
5540,592,-4832,-528,-590,15,-96
5545,488,-5248,-232,-489,88,-113
5550,328,-5656,-184,-291,181,-124
5555,152,-6024,-224,-29,278,-113
5560,0,-6304,-376,251,349,-77
5565,-64,-6512,-504,498,369,-33
5570,-48,-6592,-656,679,324,4
5575,-40,-6712,-792,793,237,23
5580,-16,-6744,-840,860,148,26
5585,0,-6760,-832,898,90,22
5590,-80,-6736,-712,919,72,16
5595,-128,-6632,-536,927,89,25
5600,-104,-6528,-328,948,130,44
5605,-112,-6456,-168,993,173,64
5610,-120,-6328,-8,1065,196,80
5615,-32,-6304,80,1165,186,91
5620,40,-6184,168,1268,147,103
5625,120,-6080,264,1375,94,117
5630,232,-6008,296,1473,41,125
5635,336,-5864,360,1541,1,133
5640,352,-5744,392,1576,-33,147
5645,352,-5664,544,1595,-66,173
5650,368,-5560,600,1612,-105,190
5655,352,-5488,632,1628,-147,203
5660,320,-5320,672,1647,-173,214
5665,320,-5112,648,1667,-177,224
5670,240,-4744,480,1683,-168,221
5675,192,-4376,360,1649,-161,211
5680,72,-3808,256,1577,-159,192
5685,-32,-3176,8,1526,-163,181
5690,-128,-2664,-304,1446,-159,181
5695,-144,-2192,-584,1319,-152,185
5700,-144,-1808,-888,1135,-159,194
5705,-168,-1192,-952,927,-180,195
5710,-232,-1008,-1344,743,-198,251
5715,-16,-1232,-1576,396,-182,310
5720,128,-1080,-1424,-68,-141,255
5725,184,-856,-1056,-408,-98,159
5730,184,-656,-760,-521,-70,62
5735,184,-656,-696,-524,-66,-45
5740,240,-480,-520,-488,-79,-141
5745,232,-128,-368,-340,-94,-227
5750,320,192,-304,-96,-137,-275
5755,304,664,-232,169,-212,-292
5760,320,1144,-264,440,-312,-282
5765,256,1640,-376,736,-415,-281
5770,96,2056,-640,1035,-487,-287
5775,-112,2224,-1040,1311,-517,-290
5780,-384,2192,-1648,1468,-516,-271
5785,-456,2024,-2152,1460,-472,-204
5790,-384,1728,-2608,1311,-396,-92
5795,-328,1408,-2920,1028,-292,14
5800,-264,1120,-3008,624,-196,89
5805,-224,816,-2952,113,-142,146
5810,-152,480,-2680,-487,-117,197
5815,-32,184,-2168,-1112,-108,233
5820,96,-152,-1496,-1661,-92,237
5825,96,-560,-656,-2026,-81,221
5830,184,-952,-56,-2094,-80,195
5835,232,-1216,232,-1880,-88,168
5840,272,-1408,416,-1451,-91,133
5845,304,-1400,488,-893,-75,90
5850,296,-1216,424,-294,-42,36
5855,264,-928,176,243,-6,-20
5860,272,-608,-8,622,22,-70
5865,248,-312,-176,829,38,-118
5870,240,16,-312,880,40,-169
5875,304,248,-424,808,35,-216
5880,272,408,-472,664,26,-257
5885,304,560,-528,481,26,-287
5890,272,608,-488,289,35,-308
5895,240,576,-424,112,53,-317
5900,200,552,-336,-29,76,-319
5905,120,456,-240,-125,97,-311
5910,48,384,-128,-188,111,-291
5915,-32,272,8,-228,111,-267
5920,-96,168,48,-251,98,-243
5925,-160,80,128,-250,73,-220
5930,-224,-32,184,-237,37,-202
5935,-280,-136,168,-208,-7,-188
5940,-344,-176,128,-160,-47,-181
5945,-368,-208,96,-93,-84,-180
5950,-400,-240,40,-19,-120,-182
5955,-416,-216,-56,51,-152,-184
5960,-416,-200,-144,108,-183,-184
5965,-408,-128,-200,141,-214,-185
5970,-384,-56,-328,156,-248,-188
5975,-328,56,-416,141,-279,-192
5980,-304,96,-416,112,-305,-198
5985,-264,144,-488,83,-327,-210
5990,-176,176,-512,56,-340,-219
5995,-112,240,-520,37,-346,-226
6000,-136,256,-544,24,-341,-236
6005,-64,232,-552,19,-325,-244
6010,-32,216,-608,15,-307,-256
6015,16,184,-600,12,-286,-271
6020,24,160,-600,16,-267,-287
6025,16,144,-608,23,-253,-303
6030,-32,128,-576,39,-245,-313
6035,-88,120,-632,62,-244,-316
6040,-136,112,-688,78,-247,-314
6045,-136,80,-640,83,-253,-304
6050,-224,88,-712,73,-263,-287
6055,-296,80,-744,56,-268,-262
6060,-344,72,-768,38,-268,-227
6065,-376,40,-800,6,-261,-187
6070,-408,40,-816,-30,-244,-146
6075,-376,8,-792,-75,-216,-106
6080,-392,32,-728,-124,-178,-67
6085,-328,80,-600,-180,-127,-28
6090,-280,80,-440,-281,-65,11
6095,-136,72,-112,-432,6,56
6100,88,-184,-32,-592,73,104
6105,416,-616,0,-763,163,186
6110,736,-1392,136,-967,297,278
6115,1152,-2320,192,-1069,401,309
6120,1720,-3264,104,-1039,415,289
6125,2232,-4000,-912,-1000,306,208
6130,2624,-4520,-2208,-1143,90,14
6135,2632,-4880,-2504,-1418,-74,-282
6140,2400,-5408,-1768,-1514,-2,-550
6145,1912,-6056,-1016,-1315,251,-692
6150,1424,-6776,-432,-1059,541,-730
6155,1024,-7600,232,-868,801,-730
6160,816,-8232,752,-672,970,-668
6165,672,-8648,1088,-435,969,-527
6170,552,-8864,1216,-124,809,-352
6175,184,-8768,1144,271,596,-195
6180,-376,-8280,736,660,416,-40
6185,-848,-7624,280,963,300,119
6190,-1088,-6800,-160,1175,229,277
6195,-1184,-6008,-496,1298,213,373
6200,-1272,-5312,-696,1332,225,363
6205,-1224,-4760,-720,1244,213,302
6210,-1072,-4360,-568,1049,157,218
6215,-728,-4032,-216,806,72,109
6220,-384,-3768,56,620,-22,-50
6225,-120,-3560,248,510,-110,-189
6230,104,-3336,424,442,-176,-274
6235,352,-3112,576,410,-207,-323
6240,568,-2920,640,388,-201,-350
6245,760,-2808,664,355,-179,-354
6250,904,-2712,688,298,-168,-340
6255,960,-2672,632,232,-173,-322
6260,920,-2536,616,188,-186,-299
6265,880,-2496,504,180,-191,-276
6270,752,-2456,384,207,-182,-257
6275,584,-2352,264,251,-157,-236
6280,416,-2280,96,296,-117,-212
6285,224,-2184,-24,317,-67,-184
6290,88,-2088,-120,313,-17,-160
6295,-24,-1984,-232,286,17,-140
6300,-112,-1872,-288,238,28,-118
6305,-160,-1736,-312,182,13,-89
6310,-200,-1600,-232,132,-27,-52
6315,-200,-1528,-304,81,-85,-16
6320,-200,-1464,-280,32,-154,21
6325,-184,-1424,-216,-7,-223,45
6330,-216,-1312,-200,-21,-281,54
6335,-256,-1208,-168,-10,-323,58
6340,-288,-1104,-176,10,-352,71
6345,-280,-984,-200,25,-366,94
6350,-224,-912,-224,27,-363,118
6355,-112,-848,-232,7,-343,144
6360,-72,-816,-264,-39,-311,166
6365,-32,-792,-272,-98,-270,189
6370,112,-816,-288,-162,-226,211
6375,200,-888,-304,-226,-184,231
6380,288,-976,-392,-285,-150,241
6385,320,-1024,-360,-330,-132,240
6390,328,-1112,-392,-358,-130,230
6395,368,-1184,-416,-369,-146,211
6400,360,-1312,-440,-366,-172,189
6405,368,-1368,-424,-361,-205,174
6410,384,-1464,-496,-356,-238,162
6415,392,-1584,-448,-358,-265,154
6420,408,-1728,-480,-358,-282,150
6425,392,-1752,-432,-358,-283,146
6430,400,-1872,-408,-353,-270,146
6435,400,-1992,-328,-338,-246,146
6440,392,-2080,-224,-305,-211,147
6445,408,-2208,-168,-246,-174,147
6450,368,-2320,-88,-162,-138,145
6455,344,-2448,-48,-60,-102,140
6460,304,-2480,16,53,-70,134
6465,264,-2520,8,174,-38,128
6470,216,-2512,8,286,-5,130
6475,272,-2512,-24,378,28,143
6480,152,-2464,-40,432,64,165
6485,176,-2424,-56,449,96,191
6490,184,-2344,-104,430,121,215
6495,240,-2288,-40,390,137,234
6500,232,-2184,-96,341,144,249
6505,272,-2128,-72,295,143,262
6510,264,-2000,-8,259,139,268
6515,216,-1944,0,243,131,271
6520,192,-1856,40,238,122,274
6525,136,-1736,40,244,113,275
6530,136,-1768,64,254,102,276
6535,80,-1720,96,258,89,276
6540,48,-1720,64,249,76,274
6545,0,-1712,128,228,66,271
6550,-40,-1728,144,197,55,263
6555,-32,-1792,136,157,41,251
6560,-40,-1856,168,116,21,236
6565,-48,-1912,152,74,-5,220
6570,-24,-1976,168,32,-41,201
6575,16,-2024,144,-1,-83,181
6580,80,-2144,168,-26,-123,158
6585,96,-2144,136,-43,-165,133
6590,176,-2200,120,-48,-200,108
6595,200,-2184,120,-48,-225,86
6600,232,-2176,96,-40,-242,65
6605,304,-2184,80,-28,-247,48
6610,344,-2112,48,-12,-244,37
6615,392,-2040,48,9,-236,31
6620,424,-1992,-24,35,-223,33
6625,480,-1976,-8,52,-207,30
6630,480,-1968,-48,66,-187,23
6635,496,-1944,-56,75,-165,13
6640,472,-1896,-24,89,-143,5
6645,448,-1872,-32,106,-121,2
6650,456,-1832,0,119,-103,-3
6655,440,-1800,-24,124,-89,-9
6660,464,-1800,16,123,-83,-14
6665,416,-1776,16,109,-77,-22
6670,424,-1792,56,89,-73,-31
6675,384,-1736,48,66,-71,-44
6680,424,-1784,80,45,-67,-54
6685,416,-1784,120,24,-64,-69
6690,360,-1856,176,4,-63,-82
6695,360,-1912,104,-11,-62,-94
6700,352,-1960,112,-19,-62,-104
6705,352,-2016,104,-20,-64,-109
6710,352,-2048,72,-12,-63,-109
6715,320,-2080,104,9,-61,-106
6720,296,-2088,120,42,-57,-98
6725,352,-2104,88,79,-50,-85
6730,304,-2080,72,119,-40,-72
6735,336,-2056,56,156,-29,-56
6740,296,-2000,56,185,-23,-39
6745,288,-1920,-8,201,-16,-24
6750,280,-1920,-24,201,-12,-10
6755,272,-1912,-64,184,-6,1
6760,272,-1848,-80,158,3,7
6765,304,-1888,-104,129,16,13
6770,296,-1896,-64,101,32,17
6775,320,-1904,-48,82,48,16
6780,280,-1952,-16,73,66,15
6785,312,-1952,16,70,81,11
6790,304,-1968,-40,73,94,11
6795,296,-1968,-64,78,104,8
6800,296,-1992,40,84,114,5
6805,296,-2024,8,89,125,0
6810,264,-2008,24,102,137,-3
6815,280,-2016,24,121,150,-8
6820,296,-2032,32,142,159,-12
6825,288,-2032,48,161,168,-15
6830,272,-2024,24,176,174,-18
6835,248,-1992,88,184,177,-18
6840,240,-1968,80,186,181,-18
6845,224,-1984,32,185,182,-16
6850,216,-1928,8,179,182,-15
6855,224,-1920,16,172,181,-14
6860,216,-1920,64,162,183,-12
6865,208,-1920,48,149,184,-12
6870,208,-1880,64,136,183,-11
6875,176,-1864,64,126,184,-10
6880,184,-1888,56,114,188,-10
6885,200,-1864,88,108,192,-13
6890,192,-1832,72,102,195,-16
6895,176,-1856,72,99,198,-20
6900,184,-1872,88,95,198,-25
6905,208,-1880,80,92,196,-30
6910,184,-1896,88,87,196,-37
6915,168,-1904,64,86,193,-45
6920,168,-1888,96,84,187,-51
6925,152,-1904,88,81,183,-55
6930,136,-1912,64,83,174,-59
6935,136,-1912,72,82,166,-65
6940,152,-1880,80,81,157,-72
6945,104,-1912,96,80,149,-76
6950,104,-1920,80,77,143,-79
6955,112,-1928,72,75,140,-81
6960,120,-1928,32,71,138,-83
6965,88,-1928,16,66,135,-87
6970,72,-1896,48,57,132,-91
6975,104,-1928,-32,51,128,-90
6980,88,-1936,-8,45,122,-92
6985,96,-1936,-24,37,119,-88
6990,104,-1936,-48,28,111,-83
6995,72,-1960,-88,17,104,-75
7000,112,-1976,-40,7,96,-63
7005,96,-2016,-104,-5,84,-51
7010,56,-1992,-64,-16,72,-35
7015,88,-2056,-56,-30,58,-16
7020,80,-2024,-32,-48,46,4
7025,32,-2080,-64,-64,32,23
7030,88,-2112,-72,-72,20,41
7035,72,-2128,-88,-77,9,60
7040,104,-2136,-72,-81,2,76
7045,112,-2144,-88,-84,-6,88
7050,144,-2168,-32,-84,-14,96
7055,160,-2176,-56,-80,-18,99
7060,184,-2184,-8,-71,-20,99
7065,192,-2160,-40,-54,-20,94
7070,264,-2144,0,-27,-15,90
7075,288,-2168,16,-3,-7,83
7080,264,-2112,8,18,2,72
7085,280,-2072,-32,35,12,61
7090,272,-2032,-32,52,23,45
7095,256,-1992,-8,66,32,30
7100,248,-1976,-32,77,42,16
7105,256,-1960,-32,82,51,3
7110,224,-1944,-8,80,59,-10
7115,184,-1912,24,77,67,-21
7120,200,-1904,-16,71,75,-33
7125,176,-1904,64,70,82,-41
7130,128,-1920,64,71,86,-48
7135,112,-1904,72,75,88,-53
7140,96,-1920,72,75,90,-57
7145,72,-1920,112,73,89,-59
7150,64,-1912,88,70,83,-58
7155,72,-1896,64,67,77,-55
7160,56,-1904,112,63,70,-51
7165,0,-1856,72,55,57,-50
7170,40,-1872,88,50,44,-46
7175,-48,-1816,80,43,30,-40
7180,-16,-1856,112,36,13,-32
7185,-24,-1872,104,24,-2,-28
7190,-24,-1864,120,14,-19,-22
7195,-16,-1888,88,3,-36,-16
7200,-16,-1864,56,-9,-53,-11
7205,0,-1896,96,-22,-66,-5
7210,16,-1912,88,-31,-78,-1
7215,48,-1952,104,-36,-89,2
7220,64,-1968,112,-40,-100,7
7225,80,-1992,128,-42,-110,9
7230,112,-1968,120,-38,-121,13
7235,80,-1992,96,-32,-133,14
7240,112,-2024,96,-23,-145,16
7245,128,-2032,104,-13,-156,18
7250,136,-2024,104,-4,-167,18
7255,136,-2008,112,7,-173,19
7260,112,-2000,88,15,-177,17
7265,136,-2040,136,24,-176,18
7270,136,-1992,104,32,-171,16
7275,136,-2040,128,41,-163,15
7280,136,-2000,152,50,-154,13
7285,96,-2016,32,60,-147,11
7290,128,-1976,128,67,-142,9
7295,136,-1960,128,69,-139,9
7300,160,-1960,144,69,-137,9
7305,152,-1952,152,66,-139,10
7310,176,-1952,144,60,-142,9
7315,120,-1968,152,51,-144,7
7320,136,-1960,176,43,-148,6
7325,128,-1968,184,35,-151,5
7330,144,-1968,192,31,-151,3
7335,144,-2008,152,28,-150,2
7340,184,-1992,176,29,-147,0
7345,160,-1992,176,33,-140,0
7350,144,-1968,192,40,-135,0
7355,168,-1976,200,47,-127,-1
7360,160,-1976,176,53,-119,2
7365,176,-1960,168,60,-114,1
7370,160,-1960,144,61,-107,3
7375,160,-1944,152,56,-103,4
7380,152,-1920,160,50,-100,7
7385,200,-1944,152,42,-98,9
7390,152,-1928,136,30,-101,10
7395,152,-1864,176,19,-101,14
7400,176,-1912,160,9,-106,16
7405,144,-1920,160,0,-114,20
7410,168,-1928,144,-10,-119,21
7415,160,-1936,168,-17,-124,21
7420,160,-1944,112,-23,-127,24
7425,152,-1920,128,-27,-127,26
7430,136,-1912,88,-30,-122,27
7435,160,-1952,128,-32,-116,27
7440,152,-1928,160,-33,-113,28
7445,160,-1928,168,-33,-111,30
7450,144,-1912,192,-30,-111,30
7455,144,-1960,112,-30,-109,30
7460,128,-1936,152,-30,-110,31
7465,184,-1960,152,-34,-111,31
7470,160,-1960,128,-34,-109,29
7475,168,-1968,144,-32,-104,29
7480,184,-1968,160,-33,-100,26
7485,168,-1952,112,-32,-94,23
7490,176,-1968,104,-27,-88,22
7495,184,-1960,112,-25,-83,23
7500,184,-1984,152,-21,-79,22
7505,200,-1984,112,-16,-73,20
7510,184,-1968,104,-12,-68,20
7515,168,-1976,96,-8,-63,20
7520,224,-1976,104,-2,-59,19
7525,184,-1968,104,5,-54,19
7530,208,-1952,96,10,-51,18
7535,184,-1968,112,11,-46,16
7540,184,-1960,104,12,-43,13
7545,184,-1960,104,12,-39,8
7550,200,-1976,112,9,-36,7
7555,184,-1960,112,7,-32,4
7560,176,-1960,128,3,-27,2
7565,184,-1960,112,-1,-20,0
7570,216,-1944,96,-5,-13,-1
7575,192,-1944,128,-10,-6,-2
7580,200,-1952,136,-15,-1,0
7585,192,-1952,112,-19,2,0
7590,176,-1952,120,-26,4,1
7595,184,-1944,136,-31,6,3
7600,224,-1968,120,-36,9,3
7605,216,-1944,120,-41,11,5
7610,184,-1952,112,-43,17,7
7615,136,-1960,120,-41,21,7
7620,184,-1968,120,-43,24,6
7625,192,-1952,136,-43,27,5
7630,208,-1952,136,-41,29,5
7635,152,-1944,104,-39,27,7
7640,152,-1944,128,-35,26,8
7645,144,-1960,112,-35,22,11
7650,152,-1968,136,-36,17,10
7655,160,-1952,144,-39,14,10
7660,136,-1928,160,-40,9,11
7665,152,-1936,128,-44,6,12
7670,144,-1944,120,-49,2,11
7675,160,-1960,112,-53,2,13
7680,144,-1952,112,-61,0,13
7685,152,-1944,152,-66,0,16
7690,168,-1960,128,-71,-1,16
7695,168,-1952,104,-77,-1,19
7700,176,-1976,112,-81,-2,17
7705,160,-1960,136,-84,-2,18
7710,168,-1960,112,-85,-2,18
7715,152,-1960,104,-88,-3,18
7720,176,-1936,136,-89,-3,17
7725,144,-1952,112,-90,-6,17
7730,176,-1952,120,-92,-5,17
7735,160,-1936,112,-96,-4,17
7740,168,-1952,104,-99,-4,17
7745,184,-1952,96,-99,-5,16
7750,160,-1936,128,-99,-5,15
7755,176,-1976,104,-100,-6,15
7760,168,-1952,104,-100,-9,15
7765,144,-1944,104,-99,-12,15
7770,184,-1976,104,-97,-12,16
7775,176,-1936,160,-96,-12,15
7780,160,-1952,112,-93,-12,15
7785,168,-1952,112,-91,-11,14
7790,160,-1952,120,-91,-9,14
7795,168,-1952,128,-89,-8,13
7800,160,-1944,136,-86,-7,13
7805,176,-1960,136,-85,-6,12
7810,176,-1976,136,-82,-5,11
7815,152,-1944,120,-82,-4,11
7820,168,-1976,120,-82,-3,12
7825,168,-1960,136,-84,-7,12
7830,168,-1976,120,-86,-8,12
7835,168,-1936,128,-90,-11,14
7840,192,-1936,120,-98,-16,17
7845,168,-1960,104,-104,-19,18
7850,200,-1960,128,-109,-21,17
7855,168,-1952,112,-111,-23,17
7860,168,-1952,120,-107,-21,15
7865,160,-1960,96,-102,-19,15
7870,200,-1960,136,-97,-18,12
7875,200,-1960,136,-93,-15,9
7880,160,-1968,88,-88,-13,7
7885,128,-1936,120,-84,-10,4
7890,160,-1944,104,-85,-10,2
7895,152,-1944,96,-83,-9,0
7900,136,-1960,104,-83,-7,0
7905,152,-1960,120,-82,-5,-1
7910,184,-1960,104,-80,-4,-1
7915,168,-1960,104,-78,-5,-1
7920,192,-1968,104,-77,-5,-2
7925,176,-1976,96,-74,-5,0
7930,168,-1984,120,-71,-6,-1
7935,200,-1992,104,-64,-8,-2
7940,200,-1984,112,-59,-8,-2
7945,160,-1976,96,-52,-9,-4
7950,192,-1984,96,-44,-9,-3
7955,168,-1984,104,-36,-10,-4
7960,192,-1976,104,-28,-8,-3
7965,168,-1984,104,-24,-9,-5
7970,176,-1960,96,-19,-9,-5
7975,160,-1968,80,-19,-8,-7
7980,152,-1952,96,-20,-9,-8
7985,176,-1952,112,-23,-7,-9
7990,144,-1968,80,-23,-6,-8
7995,144,-1944,96,-24,-6,-9
8000,160,-1952,96,-25,-3,-11
8005,152,-1960,96,-23,0,-15
8010,168,-1952,88,-19,5,-16
8015,160,-1960,88,-14,9,-17
8020,152,-1960,112,-11,15,-17
8025,160,-1960,104,-6,18,-16
8030,192,-1960,136,-2,20,-16
8035,192,-1968,144,1,18,-16
8040,184,-1976,104,3,20,-15
8045,160,-1960,136,4,21,-15
8050,184,-1968,112,3,22,-14
8055,176,-1952,104,-1,23,-13
8060,168,-1960,104,-4,26,-12
8065,176,-1992,96,-6,28,-11
8070,200,-1936,104,-6,31,-10
8075,184,-1952,112,-5,35,-11
8080,184,-1968,96,-3,41,-12
8085,184,-1952,96,-3,45,-14
8090,208,-1968,96,-1,49,-15
8095,144,-1952,120,-2,52,-17
8100,184,-1952,160,-2,53,-18
8105,160,-1944,136,-4,52,-18
8110,168,-1952,104,-7,53,-19
8115,160,-1952,112,-7,54,-17
8120,144,-1960,128,-11,55,-16
8125,160,-1952,120,-12,57,-15
8130,168,-1960,136,-15,57,-14
8135,152,-1960,120,-15,58,-12
8140,136,-1968,104,-17,59,-12
8145,152,-1976,120,-18,60,-11
8150,184,-1968,80,-16,64,-11
8155,168,-1976,112,-15,67,-9
8160,152,-1960,104,-13,70,-6
8165,176,-1984,104,-10,74,-7
8170,176,-1960,104,-11,76,-6
8175,168,-1976,104,-12,77,-6
8180,160,-1952,120,-12,78,-7
8185,152,-1984,96,-12,77,-8
8190,168,-1968,104,-12,78,-10
8195,176,-1984,136,-12,78,-10
8200,192,-1944,128,-12,80,-11
8205,176,-1976,120,-12,82,-12
8210,176,-1952,120,-11,84,-13
8215,168,-1976,104,-10,85,-13
8220,136,-1952,112,-8,88,-13
8225,144,-1960,112,-4,90,-12
8230,144,-1968,96,-4,93,-12
8235,144,-1960,128,-2,92,-12
8240,152,-1960,112,-1,91,-11
8245,128,-1960,96,2,91,-10
8250,144,-1952,112,3,87,-10
8255,136,-1944,96,4,86,-10
8260,136,-1952,112,5,85,-12
8265,168,-2000,112,5,86,-11
8270,152,-1968,128,3,86,-11
8275,136,-1944,104,3,87,-12
8280,152,-1960,120,2,89,-12
8285,144,-1968,112,1,89,-10
8290,136,-1952,120,2,89,-10
8295,160,-1968,112,3,87,-8
8300,152,-1960,128,5,88,-7
8305,152,-1952,128,4,89,-8
8310,152,-1960,112,4,91,-9
8315,176,-1944,144,0,90,-11
8320,144,-1936,112,-3,89,-12
8325,152,-1944,120,-6,87,-13
8330,136,-1936,128,-12,85,-13
8335,128,-1952,136,-15,84,-14
8340,144,-1928,120,-21,81,-14
8345,128,-1944,128,-24,78,-15
8350,136,-1952,144,-25,75,-15
8355,136,-1952,128,-28,72,-14
8360,136,-1944,144,-32,70,-12
8365,176,-1952,152,-33,67,-11
8370,184,-1952,120,-33,67,-10
8375,192,-1944,136,-28,68,-9
8380,160,-1952,112,-23,69,-9
8385,152,-1968,112,-20,70,-9
8390,152,-1952,128,-19,69,-8
8395,152,-1952,120,-16,70,-9
8400,160,-1944,144,-15,68,-9
8405,128,-1944,120,-17,65,-10
8410,136,-1952,88,-20,63,-10
8415,136,-1928,152,-24,59,-12
8420,136,-1920,152,-29,54,-12
8425,144,-1952,120,-37,51,-12
8430,120,-1944,144,-42,48,-13
8435,136,-1960,152,-44,45,-13
8440,136,-1952,144,-45,43,-15
8445,128,-1952,136,-44,43,-14
8450,160,-1952,144,-43,41,-14
8455,144,-1968,168,-37,39,-14
8460,144,-1952,168,-34,37,-15
8465,136,-1952,160,-30,34,-14
8470,120,-1944,144,-27,30,-12
8475,152,-1960,136,-26,26,-12
8480,144,-1952,120,-23,25,-13
8485,144,-1976,144,-23,22,-12
8490,152,-1952,128,-23,21,-14
8495,160,-1952,128,-23,21,-15
8500,152,-1952,136,-24,23,-15
8505,168,-1952,152,-24,23,-15
8510,136,-1952,144,-26,24,-14
8515,168,-1992,168,-27,21,-14
8520,136,-1968,176,-28,19,-13
8525,184,-2000,160,-27,16,-11
8530,152,-1960,144,-23,14,-9
8535,152,-1984,152,-21,12,-4
8540,120,-1952,160,-20,10,-3
8545,144,-1960,152,-19,5,-1
8550,168,-1952,160,-18,1,0
8555,136,-1952,160,-17,-4,2
8560,128,-1952,168,-16,-9,5
8565,152,-1968,152,-15,-13,5
8570,160,-1968,152,-17,-18,5
8575,144,-1968,144,-17,-19,7
8580,144,-1952,160,-17,-24,8
8585,128,-1944,160,-16,-27,9
8590,160,-1960,136,-11,-29,10
8595,120,-1936,160,-8,-29,10
8600,144,-1952,152,-6,-29,10
8605,168,-1952,200,-4,-30,10
8610,168,-1952,160,-3,-33,11
8615,160,-1952,144,-3,-34,11
8620,144,-1944,168,-4,-35,11
8625,160,-1952,144,-6,-36,10
8630,144,-1920,160,-9,-37,11
8635,152,-1928,152,-10,-38,12
8640,176,-1952,144,-11,-37,13
8645,136,-1936,176,-11,-38,14
8650,152,-1920,168,-11,-39,13
8655,136,-1928,168,-10,-40,14
8660,160,-1960,168,-10,-42,14
8665,168,-1952,176,-11,-44,13
8670,144,-1944,168,-11,-45,14
8675,152,-1928,160,-10,-46,14
8680,168,-1952,128,-9,-48,14
8685,168,-1928,144,-7,-49,15
8690,152,-1960,160,-5,-51,16
8695,152,-1944,168,-5,-54,15
8700,168,-1960,184,-5,-53,15
8705,168,-1952,152,-6,-54,15
8710,168,-1960,168,-8,-54,15
8715,160,-1944,168,-9,-54,14
8720,160,-1936,184,-11,-54,14
8725,160,-1936,184,-13,-53,12
8730,152,-1952,168,-12,-53,14
8735,184,-1968,168,-14,-50,15
8740,192,-1952,200,-15,-48,14
8745,176,-1960,144,-14,-47,14
8750,208,-1960,168,-13,-47,14
8755,208,-1928,184,-12,-47,13
8760,200,-1968,192,-9,-48,13
8765,176,-1960,200,-8,-47,12
8770,176,-1944,216,-7,-47,11
8775,160,-1936,176,-7,-47,12
8780,152,-1936,160,-7,-47,11
8785,192,-1944,176,-9,-46,12
8790,168,-1928,160,-13,-46,12
8795,176,-1952,184,-16,-47,10
8800,152,-1936,208,-20,-44,11
8805,136,-1944,176,-23,-45,12
8810,216,-1960,176,-25,-46,12
8815,168,-1952,192,-25,-46,12
8820,176,-1952,208,-25,-45,12
8825,160,-1952,168,-24,-45,10
8830,192,-1920,168,-23,-44,9
8835,176,-1952,176,-23,-44,10
8840,192,-1952,176,-24,-42,9
8845,160,-1936,192,-26,-38,8
8850,184,-1944,176,-28,-37,8
8855,184,-1928,192,-30,-35,7
8860,192,-1928,192,-33,-34,6
8865,168,-1944,200,-39,-34,6
8870,184,-1944,224,-45,-34,7
8875,184,-1928,200,-48,-34,7
8880,200,-1928,216,-55,-36,8
8885,176,-1912,216,-59,-39,9
8890,184,-1936,208,-61,-41,8
8895,168,-1936,192,-61,-42,9
8900,176,-1928,192,-56,-43,9
8905,192,-1944,192,-50,-38,6
8910,176,-1936,152,-48,-35,4
8915,176,-1936,168,-48,-30,2
8920,120,-1960,184,-48,-26,-1
8925,176,-1936,160,-51,-22,-3
8930,152,-1928,200,-54,-19,-4
8935,168,-1928,168,-56,-19,-6
8940,152,-1936,192,-59,-19,-5
8945,144,-1928,216,-63,-18,-4
8950,176,-1928,176,-64,-18,-3
8955,168,-1944,200,-68,-19,-3
8960,176,-1936,208,-70,-19,-2
8965,168,-1928,176,-72,-20,-2
8970,184,-1968,192,-78,-22,-2
8975,152,-1928,168,-79,-25,-1
8980,192,-1960,168,-80,-28,-2
8985,184,-1952,160,-80,-28,-3
8990,168,-1944,176,-79,-28,-4
8995,176,-1952,168,-78,-27,-4
9000,176,-1952,176,-77,-26,-4
9005,176,-1952,168,-75,-23,-6
9010,168,-1952,168,-71,-21,-5
9015,160,-1976,160,-67,-18,-5
9020,160,-1952,168,-63,-15,-4
9025,168,-1952,144,-59,-15,-3
9030,168,-1952,160,-55,-15,-2
9035,152,-1952,168,-50,-16,-3
9040,168,-1960,152,-48,-15,-2
9045,152,-1968,192,-45,-18,-1
9050,192,-1968,176,-44,-19,-2
9055,176,-1952,176,-43,-20,0
9060,152,-1944,200,-40,-20,1
9065,112,-1944,168,-39,-21,1
9070,144,-1944,168,-37,-21,1
9075,168,-1928,232,-33,-21,1
9080,152,-1952,192,-31,-21,3
9085,184,-1888,200,-29,-22,4
9090,128,-1936,160,-28,-23,3
9095,160,-1944,176,-29,-23,3
9100,152,-1952,168,-32,-22,4
9105,152,-1952,192,-32,-25,3
9110,144,-1936,168,-34,-25,3
9115,152,-1944,184,-33,-27,3
9120,168,-1952,160,-35,-27,4
9125,160,-1952,176,-33,-27,3
9130,160,-1928,176,-35,-27,4
9135,192,-1960,184,-33,-27,4
9140,184,-1944,192,-32,-28,4
9145,152,-1960,184,-33,-30,6
9150,128,-1952,152,-34,-31,8
9155,136,-1928,184,-35,-33,10
9160,152,-1936,184,-38,-33,12
9165,136,-1944,152,-38,-36,12
9170,160,-1928,216,-40,-35,15
9175,112,-1920,200,-43,-36,17
9180,144,-1936,200,-43,-37,16
9185,120,-1904,168,-42,-38,17
9190,128,-1952,176,-42,-41,18
9195,136,-1944,200,-40,-43,17
9200,152,-1952,208,-37,-43,17
9205,152,-1960,200,-37,-43,17
9210,160,-1944,168,-38,-44,17
9215,168,-1960,184,-38,-42,17
9220,168,-1960,152,-36,-42,16
9225,144,-1936,176,-36,-42,16
9230,160,-1952,200,-35,-42,16
9235,152,-1928,152,-36,-41,16
9240,168,-1944,192,-37,-43,16
9245,128,-1944,160,-39,-41,17
9250,152,-1952,184,-39,-39,17
9255,168,-1952,168,-40,-38,16
9260,152,-1952,176,-41,-36,17
9265,152,-1944,184,-45,-36,17
9270,152,-1952,160,-46,-36,18
9275,152,-1936,176,-46,-36,18
9280,152,-1944,160,-47,-37,19
9285,168,-1944,176,-47,-37,19
9290,144,-1944,168,-46,-36,18
9295,168,-1952,168,-45,-36,19
9300,208,-1904,192,-45,-36,19
9305,160,-1952,176,-46,-34,19
9310,152,-1936,200,-46,-33,20
9315,152,-1968,160,-47,-34,18
9320,144,-1944,176,-46,-33,17
9325,160,-1952,176,-49,-31,17
9330,176,-1952,160,-49,-30,14
9335,152,-1944,176,-48,-30,14
9340,160,-1960,176,-49,-30,15
9345,144,-1960,176,-47,-30,15
9350,176,-1944,200,-45,-29,14
9355,184,-1976,160,-42,-29,14
9360,144,-1944,184,-44,-27,13
9365,136,-1920,160,-42,-26,13
9370,136,-1944,152,-42,-25,14
9375,168,-1944,168,-43,-23,11
9380,144,-1944,152,-45,-21,11
9385,144,-1928,160,-47,-17,9
9390,200,-1968,184,-48,-14,9
9395,136,-1952,136,-48,-10,6
9400,152,-1952,152,-50,-9,8
9405,176,-1976,144,-50,-7,6
9410,112,-1944,184,-50,-5,7
9415,160,-1968,184,-52,-5,7
9420,152,-1928,160,-55,-7,7
9425,160,-1952,176,-57,-9,7
9430,168,-1960,144,-61,-10,7
9435,144,-1960,144,-57,-9,6
9440,176,-1960,120,-52,-6,6
9445,168,-1968,144,-43,-4,5
9450,160,-1944,184,-37,1,4
9455,168,-1952,160,-31,3,2
9460,168,-1960,168,-27,7,0
9465,168,-1944,136,-24,10,-1
9470,152,-1944,152,-24,14,-2
9475,152,-1936,160,-25,15,-2
9480,144,-1920,168,-28,16,-2
9485,168,-1928,152,-31,18,-3
9490,152,-1928,176,-37,19,-4
9495,160,-1952,168,-44,20,-3
9500,152,-1952,208,-49,21,-4
9505,136,-1952,176,-52,21,-5
9510,144,-1952,184,-52,20,-5
9515,168,-1952,168,-52,20,-4
9520,192,-1968,128,-50,19,-5
9525,168,-1944,168,-48,19,-5
9530,152,-1960,128,-45,19,-5
9535,152,-1952,144,-42,20,-5
9540,136,-1952,128,-42,21,-6
9545,152,-1944,152,-42,22,-8
9550,152,-1944,128,-46,26,-9
9555,168,-1952,144,-47,30,-10
9560,152,-1928,152,-47,31,-11
9565,160,-1952,128,-48,35,-13
9570,152,-1936,176,-49,38,-14
9575,224,-1936,168,-50,40,-14
9580,152,-1952,160,-52,41,-15
9585,152,-1944,160,-52,42,-16
9590,168,-1952,160,-51,43,-16
9595,144,-1936,168,-51,44,-17
9600,152,-1952,160,-50,44,-18
9605,176,-1960,176,-52,47,-16
9610,152,-1936,176,-51,46,-16
9615,176,-1952,184,-52,47,-15
9620,160,-1952,144,-50,45,-16
9625,152,-1936,192,-51,44,-16
9630,176,-1936,128,-52,44,-16
9635,152,-1952,184,-55,43,-16
9640,168,-1944,152,-58,44,-16
9645,160,-1936,160,-59,45,-18
9650,160,-1944,176,-60,46,-17
9655,144,-1944,128,-60,46,-17
9660,144,-1944,136,-60,47,-18
9665,152,-1960,144,-60,49,-18
9670,144,-1944,152,-59,49,-19
9675,160,-1944,160,-59,50,-19
9680,160,-1944,200,-58,51,-19
9685,160,-1952,168,-60,52,-19
9690,144,-1936,144,-62,53,-19
9695,144,-1928,160,-61,52,-19
9700,160,-1960,152,-60,54,-19
9705,144,-1944,160,-61,55,-18
9710,168,-1952,160,-61,53,-20
9715,160,-1960,152,-61,52,-19
9720,160,-1944,152,-57,52,-20
9725,152,-1960,168,-55,52,-20
9730,144,-1960,160,-55,51,-20
9735,192,-1936,264,-53,50,-18
9740,128,-1952,160,-46,51,-17
9745,144,-1968,184,-39,53,-18
9750,152,-1960,152,-32,54,-18
9755,144,-1960,144,-27,53,-17
9760,144,-1976,184,-19,55,-18
9765,152,-1952,160,-13,56,-19
9770,160,-1960,168,-5,56,-18
9775,152,-1936,168,0,58,-19
9780,152,-1976,152,4,60,-21
9785,160,-1936,168,7,61,-21
9790,128,-1944,144,7,61,-21
9795,152,-1944,176,5,60,-21
9800,144,-1944,176,2,59,-19
9805,160,-1952,160,-1,57,-20
9810,144,-1936,184,-3,55,-21
9815,152,-1936,160,-9,51,-20
9820,144,-1944,176,-16,49,-20
9825,168,-1952,176,-23,48,-21
9830,152,-1960,192,-28,47,-19
9835,152,-1968,160,-31,46,-19
9840,152,-1960,208,-30,46,-18
9845,176,-1952,248,-28,43,-21
9850,144,-1952,200,-27,41,-21
9855,144,-1952,200,-25,39,-20
9860,152,-1952,168,-24,38,-20
9865,144,-1952,192,-22,36,-21
9870,144,-1968,216,-23,35,-19
9875,152,-1952,176,-23,35,-20
9880,136,-1952,152,-24,34,-20
9885,160,-1944,208,-26,35,-21
9890,152,-1944,208,-27,36,-21
9895,160,-1936,208,-26,35,-20
9900,160,-1912,176,-24,36,-21
9905,168,-1952,184,-25,36,-18
9910,128,-1936,200,-24,36,-18
9915,160,-1944,200,-24,39,-16
9920,128,-1904,216,-25,40,-14
9925,176,-1944,224,-27,41,-12
9930,136,-1936,224,-28,42,-9
9935,160,-1952,192,-29,44,-9
9940,160,-1960,224,-27,46,-9
9945,168,-1944,240,-26,47,-8
9950,184,-1936,200,-27,48,-9
9955,144,-1928,224,-29,48,-12
9960,176,-1928,192,-34,48,-15
9965,192,-1936,208,-37,48,-17
9970,168,-1928,200,-40,48,-18
9975,200,-1944,168,-40,50,-22
9980,184,-1920,168,-39,56,-26
9985,192,-1904,176,-38,61,-30
9990,192,-1928,168,-38,65,-33
9995,216,-1944,192,-37,70,-35
10000,224,-1960,184,-38,72,-36
10005,208,-1912,176,-37,76,-37
10010,168,-1944,208,-36,77,-37
10015,200,-1936,200,-38,80,-34
10020,176,-1928,200,-39,80,-32
10025,200,-1936,184,-43,80,-31
10030,216,-1920,200,-49,80,-28
10035,192,-1936,192,-56,79,-28
10040,208,-1936,208,-64,79,-26
10045,192,-1912,232,-68,79,-24
10050,184,-1928,184,-70,77,-25
10055,200,-1928,184,-72,78,-24
10060,200,-1920,192,-71,77,-25
10065,168,-1944,200,-69,77,-25
10070,200,-1936,200,-67,77,-26
10075,192,-1936,192,-66,79,-28
10080,168,-1920,176,-66,78,-29
10085,184,-1944,176,-67,80,-28
10090,200,-1944,152,-71,80,-30
10095,168,-1920,168,-73,81,-30
10100,208,-1952,168,-75,80,-30
10105,200,-1944,168,-75,81,-30
10110,176,-1960,160,-76,82,-31
10115,168,-1952,160,-79,84,-27
10120,216,-1936,176,-77,86,-28
10125,176,-1944,184,-72,86,-29
10130,184,-1960,160,-64,86,-29
10135,176,-1952,176,-60,84,-29
10140,152,-1960,168,-57,80,-29
10145,152,-1952,176,-57,77,-28
10150,160,-1952,200,-55,75,-26
10155,144,-1944,184,-55,73,-25
10160,152,-1952,200,-55,70,-23
10165,152,-1960,160,-53,67,-21
10170,144,-1952,200,-52,63,-20
10175,128,-1976,128,-49,61,-20
10180,120,-1944,184,-46,57,-19
10185,144,-1944,160,-44,54,-20
10190,136,-1952,176,-41,52,-18
10195,176,-1960,160,-41,51,-17
10200,152,-1976,192,-41,47,-16
10205,136,-1912,160,-42,43,-16
10210,128,-1960,176,-42,40,-15
10215,168,-1936,176,-41,37,-15
10220,152,-1952,192,-42,34,-13
10225,144,-1936,168,-39,30,-13
10230,160,-1944,152,-39,27,-12
10235,128,-1944,144,-38,24,-11
10240,168,-1952,128,-38,22,-10
10245,152,-1952,184,-36,21,-9
10250,160,-1960,176,-37,18,-9
10255,160,-1944,168,-37,17,-10
10260,144,-1968,152,-39,15,-8
10265,176,-1952,160,-39,13,-9
10270,152,-1920,168,-39,10,-9
10275,168,-1952,160,-37,8,-8
10280,136,-1928,200,-36,7,-7
10285,144,-1952,160,-37,5,-4
10290,152,-1944,160,-39,3,-3
10295,144,-1944,176,-39,2,-2
10300,152,-1944,208,-40,0,-3
10305,136,-1944,192,-42,-1,-1
10310,176,-1960,208,-47,-2,-2
10315,120,-1944,160,-51,-3,-2
10320,192,-1944,192,-52,-3,0
10325,136,-1928,200,-53,-3,-1
10330,152,-1960,152,-55,-2,-2
10335,152,-1952,128,-56,-1,-2
10340,136,-1944,160,-58,0,-3
10345,144,-1944,176,-60,1,-4
10350,176,-1960,136,-60,1,-4
10355,152,-1952,160,-61,1,-3
10360,152,-1952,136,-62,0,-5
10365,152,-1952,184,-62,-1,-3
10370,152,-1952,160,-61,-5,-2
10375,128,-1968,152,-60,-7,0
10380,160,-1952,192,-60,-9,2
10385,208,-1944,144,-58,-11,2
10390,144,-1928,160,-57,-14,4
10395,144,-1952,176,-55,-15,4
10400,168,-1952,192,-57,-16,6
10405,144,-1936,144,-57,-19,8
10410,152,-1936,144,-57,-21,8
10415,152,-1952,176,-58,-22,9
10420,136,-1952,144,-60,-24,7
10425,160,-1944,144,-62,-25,8
10430,136,-1952,160,-63,-26,7
10435,168,-1944,168,-61,-25,9
10440,144,-1952,168,-60,-24,8
10445,160,-1960,184,-60,-24,9
10450,144,-1936,152,-59,-23,8
10455,152,-1944,168,-57,-23,8
10460,152,-1944,168,-60,-23,9
10465,168,-1944,168,-61,-24,10
10470,128,-1952,144,-61,-23,11
10475,144,-1960,120,-63,-25,12
10480,160,-1944,168,-65,-27,11
10485,144,-1928,144,-70,-27,13
10490,160,-1976,144,-73,-30,15
10495,144,-1952,192,-78,-32,16
10500,192,-1976,144,-80,-34,16
10505,168,-1960,152,-78,-33,16
10510,160,-1984,160,-68,-33,15
10515,152,-1960,144,-61,-29,16
10520,152,-1960,168,-52,-29,15
10525,144,-1944,152,-45,-27,14
10530,168,-1952,136,-40,-25,14
10535,160,-1952,160,-37,-24,13
10540,152,-1968,152,-37,-24,14
10545,112,-1944,136,-35,-24,15
10550,160,-1952,184,-39,-22,15
10555,128,-1928,160,-43,-23,15
10560,152,-1944,144,-45,-22,14
10565,136,-1936,168,-48,-23,15
10570,152,-1960,184,-50,-24,17
10575,152,-1944,152,-51,-25,17
10580,176,-1960,176,-54,-26,18
10585,176,-1960,160,-51,-27,17
10590,136,-1952,160,-48,-27,16
10595,184,-1960,144,-46,-26,15
10600,176,-1960,144,-43,-25,14
10605,160,-1976,128,-39,-23,14
10610,192,-1920,152,-39,-21,14
10615,160,-1968,176,-38,-18,13
10620,168,-1968,136,-40,-16,12
10625,184,-1952,160,-40,-15,12
10630,152,-1944,176,-37,-13,11
10635,168,-1944,168,-36,-11,11
10640,152,-1952,144,-35,-10,9
10645,184,-1960,168,-34,-9,10
10650,192,-1960,152,-32,-6,10
10655,184,-1960,152,-32,-5,10
10660,152,-1952,160,-32,-5,10
10665,168,-1944,168,-31,-4,9
10670,144,-1952,168,-31,-4,10
10675,152,-1936,152,-31,-3,8
10680,168,-1952,144,-32,-4,9
10685,168,-1944,144,-34,-3,9
10690,176,-1952,168,-36,-2,9
10695,152,-1944,200,-38,-1,10
10700,160,-1944,152,-38,1,8
10705,168,-1944,152,-39,2,9
10710,168,-1984,184,-40,3,10
10715,128,-1984,136,-38,3,7
10720,168,-1952,176,-38,5,5
10725,160,-1944,168,-37,4,5
10730,160,-1952,160,-36,5,4
10735,160,-1952,144,-36,8,5
10740,168,-1960,152,-37,9,3
10745,168,-1952,160,-39,10,2
10750,168,-1944,160,-39,13,3
10755,152,-1936,184,-42,16,2
10760,160,-1952,184,-44,17,2
10765,176,-1944,160,-46,20,2
10770,200,-1920,136,-46,22,2
10775,152,-1952,168,-43,23,1
10780,160,-1928,152,-42,23,1
10785,176,-1952,160,-40,24,-1
10790,152,-1952,184,-39,24,-1
10795,152,-1944,152,-38,24,-1
10800,152,-1952,192,-37,24,-1
10805,168,-1944,176,-37,24,-1
10810,160,-1944,168,-37,23,-4
10815,152,-1944,168,-37,23,-3
10820,168,-1944,176,-38,25,-4
10825,176,-1984,208,-40,26,-5
10830,192,-1960,168,-39,30,-5
10835,160,-1944,192,-40,31,-5
10840,152,-1960,200,-38,32,-5
10845,160,-2008,168,-37,34,-5
10850,160,-1928,144,-36,34,-6
10855,200,-1944,184,-35,36,-7
10860,104,-1928,184,-35,38,-7
10865,192,-1984,128,-33,37,-8
10870,112,-1952,168,-31,38,-8
10875,168,-1872,152,-30,39,-8
10880,176,-1928,168,-33,36,-9
10885,200,-1936,136,-32,38,-9
10890,152,-1944,128,-31,36,-7
10895,184,-1936,160,-30,38,-7
10900,160,-1936,168,-30,39,-7
10905,184,-1912,224,-30,39,-9
10910,104,-1880,136,-30,39,-9
10915,168,-1936,192,-31,41,-10
10920,120,-1912,240,-31,41,-8
10925,88,-1936,144,-32,41,-9
10930,168,-1912,192,-31,40,-10
10935,168,-1984,256,-32,39,-9
10940,128,-1920,208,-33,38,-9
10945,192,-2008,176,-31,37,-8
10950,176,-1944,240,-31,36,-8
10955,152,-1952,240,-30,36,-9
10960,168,-1928,208,-31,36,-9
10965,144,-1968,144,-30,34,-10
10970,152,-1912,168,-28,33,-9
10975,152,-1936,192,-27,34,-11
10980,152,-1952,176,-27,34,-10
10985,160,-1944,184,-29,37,-12
10990,144,-1960,168,-30,39,-12
10995,136,-1960,128,-29,41,-12
11000,152,-1952,192,-31,40,-11
11005,160,-1960,176,-33,39,-13
11010,168,-1952,192,-31,38,-12
11015,168,-1960,176,-32,36,-11
11020,152,-1944,136,-33,33,-10
11025,168,-1936,168,-38,31,-11
11030,152,-1928,184,-43,29,-9
11035,152,-1944,152,-48,25,-8
11040,160,-1952,160,-49,25,-7
11045,144,-1912,160,-50,27,-8
11050,144,-1952,144,-47,28,-8
11055,200,-1960,144,-42,31,-9
11060,144,-1952,184,-38,32,-9
11065,144,-1952,168,-36,33,-12
11070,136,-1976,144,-36,34,-12
11075,120,-1944,192,-34,35,-14
11080,160,-1944,200,-32,35,-13
11085,144,-1936,168,-33,32,-13
11090,136,-1936,160,-33,31,-13
11095,152,-1952,184,-36,28,-12
11100,176,-1992,216,-38,27,-12
11105,136,-1944,168,-42,24,-12
11110,168,-1952,176,-44,22,-12
11115,144,-1944,176,-47,19,-11
11120,168,-1952,176,-46,19,-10
11125,160,-1952,200,-46,18,-9
11130,144,-1952,176,-44,15,-9
11135,176,-1952,152,-42,14,-10
11140,168,-1944,176,-41,15,-11
11145,160,-1952,160,-41,13,-10
11150,144,-1928,224,-40,13,-11
11155,224,-1944,232,-37,14,-10
11160,152,-1960,168,-36,14,-10
11165,136,-1952,160,-36,16,-9
11170,136,-1960,160,-36,17,-11
11175,144,-1952,152,-35,18,-11
11180,168,-1952,160,-35,19,-9
11185,176,-1944,168,-33,20,-9
11190,152,-1944,184,-33,20,-8
11195,168,-1984,200,-32,20,-9
11200,152,-1936,216,-28,19,-10
11205,168,-1952,184,-27,15,-10
11210,136,-2000,184,-26,14,-8
11215,160,-1952,184,-26,11,-8
11220,168,-1944,176,-27,11,-7
11225,160,-1944,152,-29,10,-7
11230,160,-1936,192,-29,10,-6
11235,168,-1920,176,-33,11,-8
11240,152,-1936,152,-32,12,-6
11245,144,-1944,152,-33,14,-6
11250,136,-1936,176,-31,15,-7
11255,160,-1944,200,-30,17,-6
11260,176,-1968,200,-28,19,-4
11265,168,-1952,192,-26,21,-5
11270,160,-1944,160,-23,19,-5
11275,168,-1944,168,-21,17,-4
11280,176,-1952,168,-19,16,-5
11285,144,-1944,208,-18,15,-5
11290,144,-1920,200,-20,12,-5
11295,152,-1920,176,-25,13,-4
11300,168,-1928,168,-32,13,-4
11305,184,-1944,160,-40,15,-3
11310,176,-1920,160,-47,16,-4
11315,144,-1928,144,-52,18,-3
11320,176,-1944,192,-57,20,-3
11325,176,-1928,192,-64,20,-3
11330,176,-1952,184,-67,23,-4
11335,176,-1952,208,-72,23,-5
11340,168,-1944,184,-73,25,-6
11345,152,-1944,208,-74,25,-7
11350,168,-1944,176,-73,27,-8
11355,160,-1944,192,-72,31,-8
11360,184,-1944,184,-72,35,-9
11365,160,-1960,160,-70,36,-9
11370,200,-1944,208,-67,39,-9
11375,184,-1952,192,-65,42,-9
11380,144,-1936,160,-63,44,-11
11385,168,-1936,192,-62,46,-12
11390,160,-1944,152,-61,47,-12
11395,176,-1952,192,-61,49,-13
11400,160,-1944,176,-58,50,-13
11405,160,-1944,192,-57,53,-14
11410,168,-1952,168,-59,55,-14
11415,184,-1952,176,-59,56,-15
11420,160,-1952,160,-58,60,-17
11425,136,-1952,184,-58,62,-20
11430,152,-1952,200,-55,63,-20
11435,168,-1944,200,-53,65,-21
11440,176,-1960,168,-48,66,-21
11445,176,-1952,176,-44,67,-21
11450,144,-1952,184,-38,66,-23
11455,144,-1952,184,-37,66,-23
11460,144,-1936,200,-35,65,-22
11465,152,-1936,184,-35,65,-21
11470,136,-1936,184,-35,65,-20
11475,152,-1936,176,-37,64,-20
11480,168,-1928,232,-39,62,-20
11485,136,-1952,184,-38,62,-19
11490,160,-1944,160,-36,61,-20
11495,160,-1944,192,-35,60,-18
11500,144,-1936,208,-30,60,-20
11505,184,-1968,184,-27,59,-21
11510,144,-1944,192,-29,62,-21
11515,128,-1952,160,-29,66,-22
11520,144,-1936,168,-29,68,-23
11525,176,-1944,208,-32,70,-24
11530,168,-1960,176,-35,69,-23
11535,144,-1936,176,-38,68,-22
11540,176,-1952,176,-41,68,-22
11545,176,-1968,176,-48,68,-22
11550,168,-1968,208,-51,67,-21
11555,184,-1960,168,-52,67,-19
11560,160,-1952,184,-55,65,-18
11565,184,-1952,160,-59,64,-15
11570,160,-1952,176,-62,62,-13
11575,152,-1944,184,-67,60,-13
11580,152,-1920,176,-68,59,-10
11585,184,-1952,208,-67,56,-9
11590,176,-1944,200,-64,56,-9
11595,152,-1936,176,-62,55,-9
11600,152,-1928,160,-59,54,-8
11605,160,-1952,184,-56,54,-10
11610,160,-1944,192,-55,50,-11
11615,160,-1952,224,-53,48,-9
11620,160,-1944,224,-50,45,-10
11625,152,-1936,200,-53,41,-11
11630,128,-1936,200,-51,33,-9
11635,144,-1936,224,-50,28,-9
11640,200,-2000,208,-49,24,-10
11645,120,-1952,184,-45,19,-10
11650,160,-1952,248,-43,16,-10
11655,168,-1936,208,-39,15,-10
11660,160,-1944,184,-35,13,-12
11665,144,-1960,184,-30,13,-12
11670,152,-1936,200,-27,15,-14
11675,152,-1936,184,-27,17,-14
11680,144,-1952,160,-27,18,-14
11685,120,-1928,160,-25,21,-14
11690,152,-1952,168,-25,23,-15
11695,152,-1952,184,-22,24,-16
11700,136,-1960,168,-21,25,-17
11705,120,-1960,168,-19,24,-16
11710,128,-1976,200,-18,25,-17
11715,152,-1952,192,-17,24,-16
11720,120,-1952,216,-13,22,-17
11725,136,-1960,168,-10,21,-18
11730,144,-1952,208,-4,21,-17
11735,144,-1944,208,1,19,-18
11740,112,-1952,168,8,16,-18
11745,144,-1968,200,13,11,-16
11750,160,-1984,184,19,8,-15
11755,152,-1960,224,24,4,-15
11760,152,-1968,184,24,2,-13
11765,176,-1944,216,23,0,-12
11770,184,-1952,176,22,1,-11
11775,160,-1928,168,22,3,-11
11780,152,-1928,168,21,6,-10
11785,176,-1952,184,22,12,-10
11790,192,-1912,192,20,15,-10
11795,200,-1952,160,21,20,-10
11800,200,-1944,192,20,22,-8
11805,144,-1896,192,16,23,-7
11810,184,-1912,184,13,25,-7
11815,184,-1920,192,6,27,-7
11820,192,-1928,176,1,27,-6
11825,200,-1936,200,-3,30,-5
11830,200,-1936,192,-10,33,-5
11835,192,-1936,232,-13,34,-5
11840,216,-1928,168,-19,35,-5
11845,184,-1920,232,-25,34,-6
11850,176,-1928,224,-30,34,-3
11855,152,-1904,192,-34,32,-3
11860,152,-1912,168,-38,32,-4
11865,168,-1960,200,-40,32,-4
11870,176,-1952,192,-40,35,-3
11875,160,-1944,192,-38,35,-3
11880,168,-1952,184,-32,38,-3
11885,168,-1960,160,-29,40,-4
11890,152,-1952,168,-28,43,-5
11895,176,-1960,184,-29,43,-4
11900,160,-1936,192,-31,45,-6
11905,160,-1952,208,-32,45,-6
11910,160,-1920,216,-35,43,-6
11915,176,-1920,200,-37,42,-9
11920,136,-1952,216,-39,40,-10
11925,160,-1952,200,-41,38,-9
11930,152,-1960,208,-42,37,-10
11935,160,-1960,208,-42,38,-11
11940,160,-1952,216,-43,39,-10
11945,160,-1944,192,-41,39,-10
11950,176,-1960,216,-40,37,-11
11955,152,-1936,152,-38,37,-12
11960,168,-1944,184,-36,36,-10
11965,144,-1936,192,-35,36,-9
11970,128,-1928,216,-35,32,-8
11975,128,-1928,184,-33,30,-7
11980,152,-1944,208,-31,28,-7
11985,136,-1944,224,-31,28,-5
11990,152,-1944,192,-31,26,-5
11995,136,-1936,208,-33,23,-5
